2 216 205
3 167 64 112
4 0 298 115 231
2 180 20
3 116 51 186
3 296 158 289
3 168 40 252
2 54 106
4 34 26 199 154
3 108 244 251
3 85 118 142
3 275 283 169
3 87 114 49
2 41 70
3 184 177 262
3 164 111 84
3 249 45 208
3 99 128 10
2 212 240
3 110 89 165
3 88 291 71
4 75 23 55 173
3 103 237 153
2 80 16
3 72 122 219
3 8 48 9
3 4 157 31
4 7 174 235 132
3 294 258 272
3 148 170 278
3 134 271 247
2 162 181
2 259 182
3 159 201 175
4 286 214 17 46
3 246 27 297
3 299 29 67
3 203 93 264
4 24 230 236 59
3 133 209 151
3 210 146 192
3 62 11 143
3 161 239 37
4 127 86 81 97
3 13 295 141
3 260 190 135
3 276 255 288
3 136 241 292
3 220 22 266
3 92 61 149
3 95 3 43
3 58 28 83
3 137 131 130
3 290 50 256
4 227 222 269 30
4 193 32 139 229
3 15 76 120
3 218 254 104
3 273 68 178
3 150 35 211
2 285 100
3 225 42 47
3 107 207 274
2 74 25
3 144 6 189
3 56 204 196
3 105 121 279
3 18 90 123
3 171 185 1
3 187 160 233
3 263 172 176
3 38 163 94
2 63 242
3 125 147 206
3 156 5 293
3 261 109 155
3 60 14 215
3 200 197 145
2 57 98
3 19 140 257
4 198 243 66 183
1 213
3 267 195 250
3 44 284 78
3 129 217 124
2 79 101
3 245 280 2
2 226 12
3 21 253 238
3 113 102 265
4 224 202 248 69
3 91 82 228
3 232 138 77
3 166 117 194
2 96 152
2 188 287
3 39 191 223
3 53 73 270
4 277 268 119 52
3 281 282 126
