3 5137 3539 1964
23 7005 6877 7373 6141 8445 1565 4798 4278 3305 7931 1603 9157 4515 7566 618 9767 887 4950 6948 972 2965 505 4889
24 1900 7020 1524 5668 5495 6380 1189 4227 9288 7873 7415 5302 7525 7266 6730 5172 434 8621 6774 7340 9704 7071 4001 4868
10 2581 6597 126 3748 7583 1885 5568 1265 6736 5893
9 9504 353 6891 3841 1382 9870 4082 5035 496
12 7270 908 8926 1741 2400 8833 7352 3331 8015 9572 1358 4362
15 9256 4869 8667 6178 6103 3075 5486 1590 8591 4978 5052 7741 3004 6215 9344
21 48 8328 9586 856 2180 7479 2209 9284 4884 8239 4550 8126 689 9671 8917 5484 8471 2524 9969 478 8966
18 2009 6053 9705 5662 9068 4696 4971 1429 7488 5306 1967 4279 1534 8284 8381 5805 4004 9788
8 837 9851 7637 2425 6856 476 6515 5945
9 303 9685 9556 9927 2397 9363 5106 7622 2549
12 9913 4410 5553 4654 7708 6008 5093 682 1654 8280 8623 3713
14 1178 9130 2192 5394 1774 4038 9029 4591 3973 7417 2485 5416 9807 7031
26 4839 4873 3849 4665 9926 8348 6652 896 8116 6956 5045 5702 7103 1710 9074 402 8799 736 3877 3139 7403 547 6530 3917 8399 6564
24 3156 4260 4635 2605 3554 1684 6927 4990 1864 6593 2906 1292 8148 7967 1255 724 9247 1513 1525 7556 6754 6429 1017 1763
24 1335 9473 4194 6360 7323 7698 2651 3194 3775 1768 5550 716 9882 15 412 5004 1471 5475 3397 2682 5966 2584 8469 7678
11 4094 6654 2520 8382 4011 7301 678 90 2213 9456 7581
24 3580 4170 1986 2635 7492 529 9475 1511 5087 5009 1004 8444 6864 3070 1819 5976 1882 5729 195 4754 1650 1851 1214 3725
23 1992 8548 439 7172 5917 7162 2665 9962 9408 9228 8312 2082 1681 7547 366 2478 3796 8360 2294 2462 8286 7294 8172
14 4435 8573 5663 6771 100 4485 6066 8631 7915 5998 4282 8450 8605 4565
10 8292 864 825 8681 8546 7513 3751 5768 7972 7720
14 2949 7210 6942 1949 4366 9019 3597 8166 4852 7331 2433 7371 8050 687
20 4377 3257 2690 6563 1245 2831 8860 5809 8945 6114 9368 5794 7237 6542 589 8738 3920 6471 7155 9989
20 5018 3918 4537 4421 1904 6818 3701 595 8378 4858 636 2977 3267 1814 9533 1770 1965 851 1423 2199
18 1209 6150 2649 7628 8642 3102 6172 459 3146 1117 1692 8182 9056 3767 8599 1224 8905 6072
22 5299 1860 2973 7312 1792 2352 7246 1352 177 6374 9928 9566 2898 7609 9908 688 243 6318 154 7921 8778 4708
11 8773 7135 7823 6462 9554 2431 149 2719 9835 4529 4572
13 7399 7355 5837 4561 5163 4248 8212 4964 8745 4000 6509 2555 7997
12 6783 3358 6589 3753 282 9658 5904 1933 250 6572 3519 2778
15 84 7082 364 1422 2309 7935 991 6281 2634 2996 8438 973 2687 5339 8885
21 2432 7435 5856 9030 4405 5344 7808 6582 4456 2373 1747 4518 1217 512 7217 6556 1371 7974 6175 1996 7396
11 2920 3245 4352 2981 6999 2034 6292 8590 1047 3709 2974
9 3253 8713 9602 7446 9071 7284 6915 4941 2471
20 677 9820 6155 6420 7579 8671 2076 4497 4089 1299 1096 6211 9085 3292 8986 333 5183 2876 5490 9245
15 6252 9135 1179 7592 1348 3710 9298 9230 3449 1468 9939 5520 9153 2678 6303
8 719 1222 8510 7122 909 6289 6636 7121
21 1315 6110 3461 7248 211 4017 2790 2164 3278 3474 5999 8974 8775 283 4217 3299 4218 2903 7543 9039 5255
20 9393 4428 9191 5554 435 4050 9871 3270 6526 3124 7777 4119 9812 5001 3225 5992 6055 4579 5595 1919
19 4309 789 5516 2600 6034 3468 2924 3675 508 2958 1612 4358 2844 2325 183 5479 8889 2371 5898
14 1543 5113 3176 326 2112 6222 1168 3230 2063 2279 6758 7012 2832 2222
16 6403 2041 3133 7271 4159 8871 2417 2498 1394 78 3856 8247 7330 6267 5288 7247
9 7475 8029 7804 7066 7363 6863 1796 6600 5590
16 1066 8213 1803 4481 3499 5709 8446 6642 582 2596 7046 7461 3700 7095 2615 621
10 7013 2187 4073 6444 7101 456 2789 4745 8946 9883
13 2356 8073 6069 4024 1355 6274 8968 8383 5360 4974 4732 8776 8305
21 8175 2589 9469 8816 1111 2613 9159 821 8257 4031 9526 6319 1946 6184 517 6442 1827 738 309 9621 8002
17 88 8787 1984 3976 4815 8192 4895 5929 4093 6522 5512 8361 5722 217 2350 5905 63
19 2571 7156 5006 9944 5686 895 7239 6331 6106 9362 8963 7178 9941 6692 7285 7969 114 124 4513
15 7928 2899 4630 9696 6413 1797 8188 7387 8953 1045 1875 9607 67 4646 1033
15 1515 5746 2198 6634 7034 1146 1433 9213 3968 8513 4258 2712 4389 4334 2820
11 3869 8435 3403 7085 5756 8306 4821 5419 4681 8887 4736
19 2519 9046 6206 5829 4245 3802 1631 709 546 2453 5465 6562 2938 5268 7651 8544 8343 2358 7025
11 6412 8774 3050 4411 2885 6830 4369 2186 9725 3788 9991
14 2135 7553 7249 9947 3565 6575 1215 3393 7014 1248 9106 8743 1844 8314
16 7965 8149 6924 5049 3263 2497 3566 2781 3970 369 2107 7361 2622 4734 8253 7098
20 474 1121 6473 8653 8298 4371 6659 6248 7857 202 5042 8492 6513 7018 7531 201 974 9111 8927 7854
12 5440 9864 2245 6570 2386 7150 4249 9160 6378 8872 174 253
18 1757 9452 457 3114 9118 646 380 1937 6197 1392 395 3039 3277 6043 8199 5739 2405 5570
17 6031 9511 1700 1476 6677 9584 6036 6064 6820 1834 4368 771 1493 50 7063 5136 3006
24 6466 7140 3196 6168 5377 7884 5453 4713 9561 1595 7573 9226 4564 6443 9219 9407 304 5117 5862 6608 8060 7124 1298 9531
23 568 7648 2399 4733 7211 5751 1349 3439 949 8500 7654 6839 7755 7620 4106 2437 8549 6387 7958 7674 1856 5333 2616
13 8310 6404 6455 1260 4297 5187 6480 6946 7197 544 7680 2758 5506
19 7956 2230 482 4228 3036 102 1676 374 8266 865 9379 8293 7610 4698 4430 5274 2785 2263 641
14 5335 8965 9033 959 9785 9421 2024 4092 2189 9091 1567 3650 7536 3662
18 9707 7320 6741 41 417 8747 6398 5674 7411 2291 5764 4532 2468 9754 8906 1918 8473 3827
14 7109 3972 1521 3258 4857 8099 9300 3846 8916 575 1307 6187 3828 7061
22 187 7287 1674 7372 6710 9795 3026 8955 1587 2126 7315 1859 1257 5123 6596 7490 6240 8935 6629 8593 5925 3560
18 5868 4184 5892 4396 2799 3232 2954 9478 4802 1688 3115 9136 238 9867 8476 8821 1477 7844
20 2695 5954 5511 146 3338 7762 7187 9729 7614 4266 3216 695 6116 686 8822 7839 9801 7675 3383 6531
16 3629 6199 1778 5766 5101 5725 880 4777 9444 6940 9978 619 500 2757 1183 5706
16 5970 3294 2511 2782 4782 2077 8937 4541 1143 3905 2805 7552 7405 8810 6225 2081
24 4525 1883 699 530 502 9002 7253 3784 4400 2675 8542 1220 7080 7926 8534 6165 4440 17 1145 6679 1719 2494 7721 9258
21 9313 9463 1830 3885 330 633 2930 5557 8686 2921 2246 1368 5864 3536 3913 3568 6504 9933 6320 2267 3382
17 1560 5510 2440 3906 9037 1250 7745 2173 979 6218 5959 3845 9330 6888 7368 1629 2430
21 4078 2963 7574 4003 1046 3482 1475 9516 4924 6345 4667 9240 6708 8650 946 5243 8010 7179 2354 3599 7240
19 8640 328 9011 1873 7494 881 3531 542 4117 8603 1709 2370 9919 5233 5548 7978 7797 5614 4835
16 6670 8459 9806 4703 2338 3370 6244 9647 23 4608 1340 5870 8039 8697 1457 9050
10 7463 8024 2718 9612 5908 9162 6803 6431 8016 9855
5 6002 6502 2736 4528 3684
13 4008 1637 3951 873 9546 6067 987 5630 4690 8553 3551 7925 878
15 3696 3038 4293 5105 5134 8767 7132 1870 495 7735 1945 5747 2336 8045 9663
11 2465 666 9681 6757 1716 6838 2366 1061 6308 7408 5109
23 9976 109 1734 6003 7690 4587 4544 751 7276 5405 8827 9073 2548 6866 5247 894 279 3159 9930 1974 2365 727 1678
23 4379 2681 8351 3816 8637 4020 922 7209 7665 4477 8164 7764 8664 5878 5329 4087 3163 9917 6655 6829 8565 1666 978
19 3607 1630 4467 9199 3731 7045 7998 3127 7384 8307 4582 405 2144 4265 5080 6286 4501 6666 1894
17 5497 696 7347 292 1417 4832 9934 3221 3222 6042 8143 1502 1671 9488 5427 3385 6145
20 9847 4959 5089 3821 7236 5732 7922 2105 6639 3227 9496 2568 3210 9513 1736 103 8969 7820 3960 5985
21 8878 98 2362 1523 396 5356 4046 1271 280 7194 9983 4562 9110 7807 863 3832 539 3336 6337 344 2617
20 9752 739 4833 3129 3833 9116 4171 7534 9151 249 4062 2874 2607 196 2729 2546 7454 125 1672 6960
22 2735 6139 8739 9874 7870 266 645 2673 4441 9264 3859 1960 9826 8291 9709 1516 9739 7886 7328 1839 6126 6432
20 9084 5996 9636 8059 657 2368 886 8028 365 3761 2909 2375 5140 9355 8025 7016 2793 1163 6709 1405
14 7429 5358 9316 6409 1 4123 9249 8988 9943 7099 2004 1373 6812 4917
18 7657 8566 6711 6550 2754 3958 5701 8694 4552 4433 938 6437 4221 2438 5340 5981 742 6686
17 4090 499 942 3085 9319 9001 1911 1071 7062 8750 3266 1072 9929 7976 5257 5270 6691
10 3442 3202 5219 5728 9674 3935 4039 1124 4771 7517
16 5693 6804 4153 3199 2686 4372 3190 2160 9186 6571 693 1068 6990 1717 2895 2493
16 672 9090 9965 4016 8768 5263 8523 8909 969 6865 6056 8788 7718 3018 7738 2466
7 6822 2538 3910 9757 2442 2660 6463
16 4494 2147 3191 607 5660 6082 2702 9438 2796 8911 2710 8415 1743 1351 5950 6660
19 549 8715 3739 753 1745 6359 9641 7207 2234 6883 7065 8289 4547 2947 8863 4876 2500 8828 8052
14 9619 2791 9813 8207 3938 9164 2787 5375 6784 1246 4628 7353 1291 7206
21 1305 3197 4575 3510 4657 4450 6971 1725 9639 808 3007 3454 866 4992 970 9239 7723 4322 94 5605 1890
21 9563 5890 6338 9625 611 671 9134 9972 1436 7679 7770 7267 2931 740 3123 3141 4890 2204 4925 3878 7815
12 6263 4208 4717 6871 5323 9687 6684 4357 9418 9886 8805 5119
16 5192 1874 9457 8038 7493 1470 6181 3672 3145 4912 5019 6777 963 9448 654 9108
17 3055 5654 6547 7840 4913 9070 5221 4314 6223 2722 6799 2244 2142 7802 3360 4748 7056
22 1097 5387 5721 1723 4615 2404 5279 934 9031 8023 6120 5041 3077 3894 1395 122 6459 809 1670 9665 1990 5530
15 4601 2297 6173 408 8826 2137 9378 3907 1783 2231 3233 8495 3195 3061 9723
21 9003 7891 9487 92 7916 9481 7769 6882 7924 816 7587 6926 7570 256 8997 6714 7551 1171 7960 334 3320
13 2247 7677 9349 156 2241 8105 5379 1988 2364 5558 5367 6801 3881
15 2015 8940 7515 2565 8533 8928 1389 9015 6085 3689 9384 5258 5589 8930 4816
22 4742 3049 315 6125 7337 4065 8101 1391 3986 2513 501 8136 7630 5061 8169 3072 449 4915 4036 5195 7995 3337
14 700 4648 975 3193 7642 2086 6203 5026 3606 2580 8725 3962 2284 7362
15 423 3708 2217 819 2021 8976 6495 4919 4382 4804 2943 1011 5906 5463 1432
23 8518 2942 8629 1955 2056 3112 6537 6719 2543 8984 118 6930 7370 1561 9433 680 3847 3487 9470 3982 5754 9591 4655
12 1273 4706 9320 1959 656 2171 2556 8691 7940 5171 4138 359
22 8731 842 7768 8803 9634 3047 4659 8882 159 9836 6268 2023 4074 4701 5442 4590 4251 276 7914 5705 2150 7578
24 6689 5027 9166 2026 47 8772 1557 5799 6133 3793 189 1912 7339 2248 484 9006 8431 8437 1266 5396 450 6675 6532 1092
8 8890 1415 6486 3078 8842 8583 9865 3943
26 9514 1438 4223 6410 615 35 6523 3082 7096 7643 2292 4714 3505 6905 9644 793 3328 1308 6171 473 414 8512 7327 7591 6704 3730
17 2720 7114 1421 3680 3993 6346 7344 382 1820 2359 3959 5733 2068 4597 3448 5607 7945
20 7861 4781 7319 2783 2639 4139 6399 81 9817 3498 1861 8688 9783 5694 7125 155 1167 1828 4051 7378
16 3090 1492 368 300 8186 7647 4473 6423 8933 7999 2632 600 363 2420 7590 1049
16 713 400 4507 8219 7232 7759 6251 1846 4838 8807 9727 3756 7385 305 2662 4252
15 7936 6503 7837 2054 5064 285 3436 3282 8031 2461 4739 2936 8922 2295 4341
17 6277 7108 3051 5915 7474 6386 65 6235 692 7090 4388 1058 5421 3330 8439 1237 5759
7 203 9234 4682 3893 2684 2084 5979
19 5934 7180 3430 9680 9579 629 3228 9701 6885 5062 9321 8177 386 3101 3674 3395 9295 9605 8704
15 6901 8792 9743 1281 1181 5603 1458 4353 1198 7120 8721 1037 9780 8525 8047
24 6815 9347 4233 9144 2967 1693 3435 2984 9655 3901 8407 6393 7145 1981 5519 3967 3339 2631 728 9072 7153 4505 9235 6037
8 7070 7325 5914 5986 7528 6077 335 1056
11 4679 4409 4498 3584 4072 1695 4746 7786 9170 8233 9047
13 5445 5491 8440 7737 9712 4862 4872 1660 4594 3811 6157 2933 8563
12 1105 6076 1643 4787 7987 3992 8755 8961 684 5220 4419 5336
22 2883 4885 4196 212 596 9179 4555 9466 5193 3648 4113 8662 7920 2383 93 774 9278 8881 4423 5850 2047 3059
14 3817 1447 1973 617 7176 6848 2125 918 6167 6105 8129 9548 6490 6753
16 9305 6123 2788 5636 4875 8868 1381 2393 4487 4942 6540 8992 676 7388 5448 773
22 4059 7889 874 2216 1430 4643 4664 3261 6579 6367 4653 9268 3173 852 7009 1130 7286 7106 7653 4560 6545 3144
14 1138 8104 1527 8554 4520 5861 5317 274 9185 5168 7619 1606 9966 2091
21 5324 3409 3068 318 5678 9576 4256 5260 6179 1393 2645 6821 3977 1411 9224 6565 6859 80 1621 1361 5518
24 1867 726 601 849 9537 5853 9846 4888 4699 2035 1259 2206 862 7389 7763 3356 5640 5216 4898 3628 3844 5645 7291 2496
21 4758 5237 8346 5888 6615 708 403 9101 7576 6426 7843 9328 4472 7148 3661 928 5350 7871 8954 7238 9211
11 311 1647 1943 1947 1584 5380 194 3625 9894 943 9565
12 6381 1635 1002 5642 8800 9741 1568 947 7262 2506 7024 6517
17 2917 8586 6265 5182 8989 9180 9242 2661 6062 1779 9089 4406 8481 7750 7220 1555 2728
21 6706 2426 3603 3605 1685 3636 4326 8300 7316 9859 7659 912 7259 4365 2978 8931 1740 8252 1618 6827 5496
22 7957 7471 3779 1386 7190 2464 8259 4099 4356 3657 833 890 7949 5210 8646 6578 744 4460 8165 7753 3361 3506
20 769 2738 9768 1869 1233 1491 3807 2551 2578 5679 6674 8326 7842 6873 806 8855 8258 9293 5840 2158
11 519 7188 8425 9459 3735 4188 6539 7875 8221 4176 5633
22 5717 6951 57 7883 4493 2817 2797 6163 9652 2065 8659 8904 2670 4457 7615 6102 3152 841 5882 8248 5863 4945
19 4071 2512 7465 5955 4250 3537 6078 4384 3373 3974 2156 4224 7383 5470 6996 8779 5326 8812 5498
15 606 6662 4661 7876 7444 8058 6622 5102 171 9244 6149 7661 3481 5203 954
25 8708 9402 565 1628 5601 1324 7730 2377 254 3909 7727 8109 6769 5039 8400 4825 232 8299 545 4621 6027 7486 1596 521 884
20 3549 7129 8978 9613 8615 907 6407 9964 4819 2315 9987 4533 3470 9231 361 2256 3374 7175 3801 9093
10 7499 5971 206 498 1863 5050 4744 9424 4796 34
21 1776 5500 5626 6261 7191 2640 5310 1872 8401 1264 4981 3645 2614 3 6083 6505 5166 6483 9732 2971 3587
21 8477 1372 5487 3354 8536 7686 6647 6893 9963 7829 9553 2025 7866 8268 4851 3251 594 1322 3916 723 5103
14 3307 3608 6270 5534 3031 7689 6953 7757 7326 6414 4712 9683 3076 2177
11 6663 7687 2523 3411 2573 9724 4234 968 7923 1505 827
20 5235 8458 1030 5212 7662 9610 9889 643 5995 2184 2835 3534 4075 1953 9331 7292 3013 4571 8181 5930
18 5300 1024 4836 6729 5043 7171 9357 8869 8373 5901 7796 1029 5537 4190 1286 5851 8720 4500
16 9409 3540 7102 5107 1474 6013 462 6156 2693 3269 4711 9722 9225 3351 8539 5071
11 8950 3991 1399 599 3979 8197 1262 9597 6086 577 8318
17 3167 8323 7086 9251 5298 2804 2319 3550 4747 2109 5810 1999 7549 7047 1449 2980 4900
12 563 376 342 538 9155 3182 2851 3300 7072 4936 7855 2858
6 9679 8227 3843 6129 8006 8231
4 768 933 2591 6862
23 5860 3527 9012 7602 802 3445 6703 1913 2900 2919 1152 1985 2110 1944 8598 8261 7650 8601 2148 1444 185 3908 2655
12 8758 3921 8695 2275 2558 2412 6779 9862 8584 5181 9959 7212
8 8670 3746 2532 1854 1035 525 8201 2124
14 6916 3655 3541 854 5069 8379 6805 4327 2477 4800 1532 310 5919 6938
25 9888 567 5060 661 9628 5347 8042 1902 9392 8243 7503 3466 6808 1907 6726 5389 134 4459 2087 1057 487 6637 591 1329 1706
18 6807 6735 533 7685 3057 9761 8806 3434 9248 1008 4019 5909 3293 3241 2308 6855 7706 3491
13 2316 1227 5332 7245 3211 4085 8883 5801 5139 5309 6995 1789 6001
21 2061 1593 7546 8614 7994 6272 9570 553 7903 6909 9303 5289 4470 5582 5651 2129 4323 9194 3379 9372 7360
23 5086 7864 6159 3490 6000 9341 8973 7941 2969 1330 9208 319 83 776 6262 5502 914 1136 6543 941 4336 9119 628
18 4058 8848 4761 6567 313 6484 5910 1104 8857 9574 4625 6982 3212 5482 812 9055 8357 1498
19 4618 7064 2357 8892 5711 6969 9684 3326 178 5526 2122 7900 2479 7483 9643 2956 9080 2413 5968
15 7929 7346 9497 1930 7414 3079 6713 1328 1781 6396 2016 2311 1025 2590 6555
22 7561 150 9951 1201 6446 823 5409 9195 7274 7081 7221 7793 7754 2737 9534 6712 8344 4173 9395 815 9312 7168
23 7401 1170 5990 277 3462 4064 7567 5620 7442 4940 1232 5838 9833 2388 7498 1539 1800 9778 3999 26 7860 3088 1816
11 2384 9731 4443 732 8049 8532 3630 7982 6628 7973 5468
15 4855 8489 3865 5920 4658 2732 2802 3839 1455 1785 6678 3813 8362 1707 6869
20 273 1384 965 4826 8995 6313 105 8687 5782 7392 3121 8004 6038 3053 4881 7265 870 7932 7571 8846
18 6831 7451 3092 6475 2470 3117 2260 4965 8026 2769 4204 5872 6874 9682 7848 1836 1925 1821
18 9325 9246 248 135 6012 8128 6648 7548 8938 674 3429 5076 7334 2829 7809 5552 3538 9360
14 3444 2166 8040 9483 230 7007 6733 2749 3521 2351 2012 6162 8709 1957
18 5769 5858 4830 1977 1369 5962 3624 163 350 8960 9490 1075 1597 1786 803 1485 7728 5823
18 9140 3024 245 839 3740 7663 8595 2330 4773 5373 6810 1914 3016 260 1316 9899 4026 4727
12 4948 511 7684 9623 613 9821 53 4076 8676 6385 2542 9034
18 8703 6740 7196 1686 4274 4969 4907 2374 3570 1317 2535 8903 7130 997 5157 2913 1119 7258
12 117 9935 513 6245 3594 3818 39 4302 1679 6548 1626 2242
8 7913 4938 425 4937 3450 4916 7147 6117
20 6695 7186 2626 9543 6430 2663 4605 7729 1302 4853 8229 5635 4499 8460 8705 7788 2237 1446 2816 6557
14 7040 8736 7638 9045 2518 6742 5656 4749 8412 7456 3086 1897 3399 2528
23 3855 3651 6765 3915 378 6280 7134 4213 4347 9054 9823 6921 8551 5523 3340 5083 5292 510 3455 4165 8528 4526 7060
14 3371 5744 6756 9830 8464 982 9410 1023 6793 7635 4097 7584 8215 3431
22 8329 3067 1010 8521 2036 2999 9127 9394 9900 6832 3694 1203 235 5005 7879 7510 7177 8281 9389 6079 2183 3246
11 9675 3579 1530 7631 1997 7934 9429 7256 8094 6544 1041
9 6198 6377 876 8108 4845 1235 9863 5975 917
15 9449 1503 3532 1620 8798 281 2179 8366 3174 9026 1668 8359 6776 6590 9914
18 4307 477 9627 6536 6903 4205 9273 8804 9948 5100 2121 6041 2281 2228 7502 8571 4614 5118
9 375 2143 5699 9524 8575 1496 5124 2053 4471
16 1040 4455 1240 830 1835 1441 2753 6237 8780 7075 4906 2522 96 4960 2676 569
22 222 8630 902 1177 8791 1465 2653 5622 7445 883 2043 3752 8547 4893 3137 9716 7100 7321 8813 1622 471 8354
11 1005 7512 3557 3583 475 8785 3451 4415 2842 1159 6707
17 9550 4101 3798 509 6751 6389 8764 8545 3201 2955 7944 8873 3352 1486 43 4765 5802
24 3555 7293 3104 3717 3542 4652 2033 5866 1169 1062 2290 5514 516 8072 2037 4651 7560 1277 3919 3961 6030 4831 4932 9522
8 1135 97 8958 3010 4619 9616 5611 25
6 3578 233 8345 2644 3391 180
14 5424 7709 9920 7867 1529 8956 3463 216 5715 2159 6325 9877 4152 7433
19 4894 2424 627 9503 483 9182 6580 4958 4398 286 2048 3782 9734 6605 4843 6234 5529 2939 8730
10 920 7948 4834 3234 5852 5921 9327 6180 9699 1434
21 9799 9733 8055 2642 4404 1460 8035 3669 6902 2907 2901 3963 9333 5385 257 8250 9233 3376 3342 6791 4738
21 2559 5227 8979 9255 3108 9702 5433 46 6698 6657 9632 6925 4114 1871 6880 714 9848 8689 6755 4191 9342
13 6541 5541 8419 3616 7464 5070 6625 1034 940 8161 331 3526 1615
14 961 1605 5393 5295 2982 6009 8761 8486 3469 1922 7507 4762 4370 7703
13 372 7198 1970 782 6023 8403 3290 4300 244 5899 1376 8993 7695
18 7952 6851 5535 4048 8167 2989 355 6680 3428 1031 2762 9547 801 7800 748 2708 8875 9895
6 3654 5437 6298 1889 3296 1673
11 24 5743 1142 1550 4029 3760 6140 7798 4100 5980 3223
20 2869 2006 5748 977 7092 4880 9381 6476 1589 550 3722 2935 9843 6574 261 2398 3980 528 3926 5832
17 8962 3029 2495 1508 6825 2240 2270 6416 1924 6806 1591 4692 4351 9651 7354 6224 4439
19 4637 3384 5425 640 6985 3477 9276 5457 6630 4068 1840 2051 7288 8009 1116 5068 104 2269 2499
14 4150 3170 8784 2031 8421 5088 115 7984 7564 3507 3750 4012 5226 4201
20 6115 3990 8338 2382 3502 8353 3098 2075 4776 1891 6391 255 9023 3494 8656 1253 7273 9708 2646 1554
12 3988 3236 4910 4502 8133 7382 8367 8665 4792 8220 5903 3824
10 5885 7575 461 6983 4660 7497 9629 470 7345 2763
22 541 6493 2335 5757 2537 381 3054 9842 3315 2415 9837 4211 8760 8661 1337 6339 173 4874 2685 9653 9598 9802
22 4143 7612 1689 95 5158 3366 2385 9075 8018 7078 9167 1428 9351 5364 5259 2994 694 786 4289 5827 2672 1765
11 6228 1406 3188 6029 8088 7366 4663 2892 8200 8668 647
22 622 8699 1276 935 9819 9617 8597 1311 379 1193 3372 8027 5411 4219 9758 4770 3150 2768 1094 6131 2334 5165
22 1833 2422 1518 7683 1175 8194 127 175 2220 2467 7726 2272 4125 7701 9142 4979 8153 184 9086 9510 8971 3774
22 6961 3596 8832 428 8856 3398 2776 952 6587 4828 3421 130 4824 7149 6447 9113 4442 6204 9447 6282 668 6309
22 29 8484 6004 4207 4957 9100 5952 3904 4397 5619 3432 490 2715 4997 4710 4454 2700 3873 9181 3136 7447 8975
19 1664 9137 892 6450 1994 1755 3663 1331 9604 5400 9346 7004 6061 1749 8829 7400 4946 9053 1243
12 55 4437 5540 9549 5779 9751 871 4328 6907 2191 4317 42
21 9523 1651 9869 7668 1845 7816 3247 4105 5941 1810 5527 1396 8140 8074 7192 6798 875 7966 1611 632 6256
11 9216 8020 3317 3875 5957 2577 6584 2473 1817 9083 5111
9 9283 9406 9087 1267 210 8071 7407 3939 8824
25 4842 3148 7224 3105 4558 4602 354 6989 2652 4045 458 3754 9667 7712 6963 5154 1921 3323 1050 4730 701 2389 5401 6400 6988
22 2576 2324 6164 4807 9314 6182 1487 775 1459 1979 4642 4539 3772 2740 5587 5097 6846 8432 3483 4870 4438 6154
11 4346 5991 5014 2861 2990 2396 6006 9423 1696 9188 2097
18 1888 8376 3291 4709 3997 2104 3556 4718 5417 515 733 2039 214 1727 4850 2911 7961 5807
21 734 271 2717 3493 294 7562 4244 2057 7305 7231 779 2154 9358 9366 731 534 9748 5383 5196 2459 3151
23 3149 4693 3947 419 5712 5477 5352 4966 1325 9077 4634 2846 8562 6253 6059 683 8693 6897 964 5271 4262 7322 8886
11 7119 5480 6121 7707 3262 186 3437 7377 2378 9122 6075
20 4214 5189 9286 3795 9064 4403 120 5008 9624 133 2526 6353 7781 4903 9718 2834 6249 1711 5993 291
11 7862 6749 7068 8851 9849 9810 3574 4543 1767 3902 2887
15 157 8302 2074 7193 9375 7342 9539 7037 5211 8017 9541 9955 3763 3484 5478
25 2986 5948 7428 8198 9485 3783 9477 3778 1081 397 9238 9881 6683 3295 1771 4899 8470 2837 5689 8107 8567 9866 8234 2688 8162
17 297 1625 1804 1186 3789 9737 7693 8610 5608 8918 3948 1383 6861 958 1850 8127 7773
23 1978 8574 4920 8766 5303 4585 3721 704 2527 2343 8051 2534 4330 9376 9337 9630 6142 2552 420 7201 7852 2403 6687
18 3103 6745 6764 8737 8782 5033 4147 5708 4394 2332 889 5600 3686 4715 9755 9664 3001 829
15 5341 2233 1588 2904 9382 9289 7901 9232 3829 2541 9779 8246 7419 1388 347
15 2912 8290 6879 4724 7627 399 6581 1551 6025 4512 1469 6528 2772 2553 4678
19 3281 6849 3334 4376 6119 7732 8493 4491 5879 7422 8193 3592 1592 4486 5958 1042 5943 213 7760
17 5716 3697 945 608 5307 665 2741 2771 8228 3418 843 377 4236 1466 9659 1339 5696
8 6724 8557 8967 3896 4335 116 9425 9471
24 957 2123 1564 6842 506 9419 2696 1346 444 1101 4775 3790 8097 5155 7394 1649 8628 4982 9350 4674 7616 8896 2517 2232
16 445 6558 9282 5120 3319 3879 1319 7830 2850 1275 8524 4359 9175 3525 745 2155
16 3693 5369 9575 4656 9202 6967 2320 9975 7778 3874 1934 4263 4523 3235 7699 8402
20 2020 3005 8370 284 2731 4639 2360 649 5824 4559 4566 3501 1822 2859 5734 6612 4144 198 6860 8914
12 8395 3546 8209 9306 332 3936 6910 5384 5000 9060 752 604
14 2008 1773 3066 3840 5291 8876 4355 147 4206 7691 8160 6619 492 824
18 8406 7230 6875 8146 6316 4613 5539 2751 5967 4768 3065 5313 4237 3747 4025 3736 4187 5330
21 5598 9544 8588 7380 5135 5169 9809 6850 1638 1199 5473 9022 5122 4312 5167 6020 1463 6906 7897 3452 1131
23 3030 2742 655 5719 3433 3215 9858 74 4247 1069 387 5250 5353 2945 2390 7529 537 3489 9079 4694 5793 2619 2018
10 3471 5572 6255 306 7724 9697 7962 5963 262 8392
20 7141 5615 1363 989 8093 8187 7448 5576 2810 584 2557 612 7440 3213 4549 5561 3682 3805 7333 5261
18 8102 1489 4720 8034 6402 9645 4636 4944 7817 929 3231 9221 5664 4569 7351 8115 3553 5513
18 8840 4935 1218 9252 9133 6696 4002 2765 4805 4620 6205 7853 7313 1782 1853 9017 2303 3764
18 585 2296 7779 6809 6727 7872 5188 2089 8540 9879 6366 2175 2443 5778 7397 9946 8170 45
23 268 3208 409 119 6739 9872 4021 853 7425 5951 2115 2174 4784 7542 8511 7296 5880 5391 4135 8442 2285 6588 4175
13 4495 2714 8915 3585 6454 241 7811 930 2866 6306 4647 9828 9740
13 1353 1784 4200 2401 3200 507 6601 7043 252 2095 1309 1855 3178
20 8342 8449 730 780 4115 6638 8951 5374 8998 1176 9038 5804 2153 1435 7189 4345 9730 1375 3344 226
17 5406 6658 8277 8434 5240 7174 7682 560 8263 7532 3895 6610 2205 8390 6738 8936 605
5 5649 3420 2395 5441 2344
15 7640 4546 5517 1655 984 141 6744 3044 7791 8067 433 8304 5098 8845 7838
18 1528 658 1697 7666 4141 8530 531 9158 8245 1752 9141 2841 7624 9436 7743 5577 9049 1632
21 583 166 7314 9735 5287 1509 3524 2045 7971 8237 1748 1424 2345 527 3473 7782 9506 3244 6324 7652 1950
10 2941 4984 697 4673 9804 5091 7918 441 9009 4238
19 8204 6208 3325 8652 8585 4677 897 857 5176 3593 5767 4429 9661 4276 5655 5789 27 2419 2489
8 3025 2536 8274 4285 6293 7110 518 2149
21 1735 5818 3368 951 7787 8854 6336 4344 9505 715 6904 9420 1464 1842 4044 5565 1682 1901 3353 4817 4373
15 5304 7398 8447 9633 2896 4595 5082 1721 3621 5907 4722 6857 543 5780 1989
13 4829 9065 2612 9474 9479 1720 1387 3045 4632 4902 9218 8121 7280
22 741 4877 9666 4848 4107 5012 1079 2434 4930 9458 4195 5792 7794 2893 5094 1756 3573 357 4136 4464 2445 2572
24 5381 3640 9559 1200 7572 2167 1634 1762 9263 2884 9272 4638 4689 8830 754 6772 1310 2777 8763 5175 1906 2988 1151 5680
23 9979 4536 2957 8254 32 5267 5724 3952 5160 1338 8103 5386 698 1123 916 9403 3567 8081 4478 5128 3639 160 3670
11 8559 3249 5359 1313 6474 9190 1365 4027 6452 339 6720
9 6321 5713 9884 3595 8576 7521 1806 6219 5059
19 3743 1013 6296 5562 5815 8820 2052 3285 2808 2452 3635 663 2062 3237 6813 1187 7500 1321 6554
16 9581 1228 720 3632 2235 8155 7882 3759 4006 8819 6176 1932 9400 8427 3000 9518
11 1269 4863 415 3364 1412 2515 1067 6436 2010 6091 1578
6 6039 8112 6868 5301 3341 288
15 8520 2784 209 4705 5593 8190 8214 6238 151 385 9435 1533 7449 7893 6276
9 3457 8426 8157 6058 8795 5982 6728 4222 743
24 8728 9128 4112 6718 5816 4028 6048 8742 494 5803 3646 9822 5933 8746 4426 3925 639 6415 7298 8242 9269 8672 8753 6229
23 4687 6457 5771 4686 267 572 767 7216 3981 1016 4111 8627 4055 6488 1702 8616 4067 5625 7418 3577 7302 4740 8632
16 3564 8262 7846 9845 9562 8831 7785 9981 8719 9324 242 1229 8335 983 4333 868
22 580 6068 4867 3544 8079 4645 7282 578 8075 1896 4866 4496 1715 3776 1905 3406 1857 2567 3777 7160 1780 1975
22 6649 6135 5710 4980 8823 2825 9710 1746 6283 3203 967 1048 8815 2151 9462 6130 7076 6469 9416 3503 3955 340
23 61 2079 3601 9385 5602 208 1239 7988 7805 2547 1541 4856 8225 9361 6363 293 5575 6697 6947 2871 8496 4524 1657
23 4788 9274 9815 1777 832 6026 7856 4503 9952 2680 52 9229 1420 5023 6970 6785 5002 5849 7605 9594 4122 9825 8422
22 5161 5698 9890 6425 2916 4035 1294 9742 2602 9440 5684 6566 9694 8218 6138 9397 8264 7505 5877 7608 2003 162
22 6456 2915 128 9109 6101 2394 2667 3623 4871 3157 2040 8550 3547 4033 5016 5308 4259 9092 5984 8013 7656 1775
18 8179 6239 3830 9654 6356 1733 7912 1738 3785 5632 8952 3271 624 3316 4489 9152 2099 4514
22 6952 5808 2711 5017 6984 5503 2585 91 826 388 8864 21 561 112 1714 4032 2348 8680 4053 9786 1548 5114
13 7877 3311 5285 497 2140 5366 9044 8063 7734 3438 814 6667 5761
19 7799 2748 6669 6645 4953 3530 7629 7508 8159 4014 8064 5262 239 9183 999 1289 2236 9762 3355
24 489 6794 6304 5090 1500 7434 8236 4786 1182 9132 8809 3851 536 893 5278 4043 7599 3508 1165 7598 2102 2733 2239 2868
19 9207 1194 3073 5783 6814 3949 7558 1480 1831 3509 2439 2923 3808 1976 6332 5738 6372 4650 7233
17 8184 5428 193 9611 6134 4086 6519 5314 3416 6816 6778 1357 1566 4521 8048 1451 8727
18 8420 9405 9985 1908 1627 2178 8030 990 106 4989 9844 8494 3757 2713 9114 6047 5444 6811
20 8675 3333 8021 3866 9353 1667 4854 2706 7275 9992 6699 5583 5786 5184 6975 9442 223 2545 3332 3081
23 6424 3459 2539 6220 2000 7636 9062 6491 8644 3946 5074 4921 576 3186 9583 581 6977 3446 6174 3545 220 3523 3634
11 5245 2780 164 6196 6089 1109 3622 7143 2346 8325 2257
21 6160 9974 1995 7557 8682 2323 5830 7113 7516 9592 2601 2621 6743 8748 836 9250 4810 8317 735 7887 5084
10 7468 7761 2854 2017 72 3242 6620 2030 8907 6370
18 1866 200 5282 1963 4806 2059 5241 6716 9028 524 5569 9192 9299 5133 2341 9542 1956 703
13 3692 7357 3773 6128 9512 5371 1051 6326 7195 6734 2093 905 6362
9 8578 6966 1790 8111 2139 6264 5639 9102 2514
11 9121 5579 8692 1073 129 8068 8336 5796 7272 6169 8417
25 1993 7028 1221 2305 9345 761 5584 7535 2505 4270 5835 9980 9441 5201 7164 3714 9150 9816 7588 3130 7365 5687 8498 7439 9509
20 3239 5218 3891 442 448 2952 9138 9364 6737 4584 8244 320 9593 7538 1314 4626 8387 3387 5164 8771
11 9901 4414 4624 1843 5650 5628 2406 3930 9377 1772 4015
13 7911 5112 6200 1601 9538 6643 5238 867 3314 2630 6451 7909 4452
17 9411 8711 6705 2809 4767 1188 2 6920 37 7904 8669 7646 2991 7504 5483 3365 5078
14 1563 5351 3685 138 8843 5670 7077 9043 3256 6137 4280 6928 6525 8679
14 4882 190 7792 9805 1326 4704 8037 7595 7309 872 4128 1750 2447 6382
21 5902 6529 8462 3512 1272 4914 2852 9177 1110 6243 4449 6987 7806 3443 9784 9880 9967 8294 8651 1370 205
15 7229 4084 290 8173 2857 6094 8987 1598 4453 5692 5143 5180 3699 6583 2214
9 4066 817 5983 7048 9480 2611 8283 556 798
22 6965 9996 4349 1729 3119 8176 7118 9156 40 1166 6301 4675 6290 2504 614 9988 8673 7520 2995 8347 7930 9204
21 610 6485 3329 7255 4666 4007 4607 1256 1583 8996 9911 8491 2882 6974 8749 3052 9193 3511 8077 6299 3927
21 7318 6656 1852 8835 5777 9557 9527 2745 9265 8272 7907 2948 8339 9998 5532 1416 3142 855 227 813 451
18 2429 7455 6747 3362 1613 5700 4104 1012 9994 2633 1624 356 3413 28 8436 4155 2085 6315
15 6633 9052 6202 2132 422 3345 7457 7613 2218 2451 5007 5741 6510 7890 8944
17 2278 3276 3138 1223 956 1252 4318 9262 7278 5116 7697 1282 3496 4772 1980 1027 1535
20 2774 1100 7000 7152 6896 7633 8485 523 1504 215 6722 8334 153 3009 467 9112 6790 9945 7752 4573
11 9020 1407 7585 718 7277 6357 348 1880 1499 5355 6759
9 2418 6672 453 9774 6823 6014 4102 8241 8330
20 9291 4387 9495 9254 9042 225 4034 3122 8506 9082 6898 953 5556 9498 1236 1690 2197 3389 3704 5215
20 9626 1332 3575 493 9769 2261 2060 8191 2355 6098 799 1461 2599 7021 4168 8270 3738 8003 4395 7420
17 9187 7810 6786 5507 9925 1297 7645 6609 1154 22 6552 1450 6763 6033 2739 850 888
24 8509 1090 2657 8285 3058 2250 6538 8529 3205 7169 6344 1364 5462 8134 5305 2863 4009 5284 9237 4963 1941 2873 9961 2226
19 4586 481 9640 2333 8504 3940 8560 454 4939 9790 7865 5073 3404 3027 4567 5675 5525 2582 7942
11 4644 6392 4588 2229 9798 877 8920 2274 3214 7299 1623
21 2327 2641 4164 6836 7097 660 6247 4130 2867 8288 5610 4685 7205 592 1818 1920 4461 6847 6347 3888 2668
22 4098 1323 4080 9657 5422 9923 921 3099 5452 76 6641 3308 5092 4264 3447 2340 1926 8729 6376 4684 2162 3823
3 7227 2288 3419
21 6694 7116 7379 9492 7041 1862 8617 5031 8801 7167 9838 5559 2959 2116 8817 9902 7137 9957 8297 3401 6787
20 219 8158 1054 5621 3414 1884 9678 1553 1211 8014 1799 3765 275 10 2561 3392 1065 7939 5969 1155
11 2176 3062 4809 1761 4878 5956 9335 9318 2215 6054 7632
16 1815 4583 7117 168 172 3615 6024 5170 2314 8645 9720 1791 384 5464 4420 2894
13 3008 6192 7226 5627 2207 9035 5994 8413 3476 6775 4669 7990 7832
9 5222 2436 4109 5887 950 4887 6231 3820 5346
16 8271 2293 9078 7243 6021 3116 559 5426 6746 8895 4343 6375 2501 5911 7790 4469
14 9670 7104 199 2934 5156 5690 3513 8303 6824 3707 6314 4847 2367 2476
14 2944 9744 9949 9564 5847 7715 121 1197 7381 7142 9103 5785 4232 9868
18 6361 8783 5875 1208 1263 2760 586 670 4688 5704 6858 7260 2190 9212 1572 6802 787 3198
9 3321 7746 5104 7094 5357 7250 8478 520 6351
4 3647 1537 7462 6527
12 8564 3758 4482 4137 986 4070 7749 9571 4970 8061 6560 4166
6 7716 3729 9428 5132 8972 4822
8 113 2928 3381 1160 4340 5730 9824 5149
23 6913 1251 1580 1102 66 1494 8990 711 7234 8620 7594 3610 11 8649 1402 6122 1519 4578 8076 9431 7541 3598 9437
17 6607 5214 3083 8991 5234 7847 7263 7555 2525 9482 5256 8125 1656 5658 5191 4198 1000
24 3168 1609 5466 3017 4202 992 3169 64 3609 4623 3394 7894 4167 9800 4272 6908 7819 4316 3495 6923 5681 1164 3074 3060
12 2313 4475 4255 9954 8316 859 2721 6478 5522 6511 8196 7003
11 1724 7711 8786 4629 7019 1644 7453 8741 3161 9688 1610
26 5402 1838 3989 4299 7554 7710 7208 5036 5913 691 7604 847 8033 4892 8150 936 7091 6939 9460 1078 1125 1824 9958 2282 3659 2454
12 6900 3147 7438 5451 3673 8416 8901 8793 924 4947 2486 2038
19 2507 2838 7406 9631 3375 8796 2927 552 6618 993 6962 485 2972 4301 5032 5524 5186 2088 6661
21 5343 2106 2566 3475 9450 8110 2119 4331 1942 8296 9370 5372 6104 2636 1283 6833 2756 3359 985 1053 9515
16 3667 3826 4154 8085 8368 3732 2482 8273 1968 9763 8624 2563 5763 6561 2283 7550
15 554 19 7329 3786 69 3966 2409 5228 772 1098 9027 6932 7822 6190 7582
18 7088 6752 8448 2570 6305 85 6132 4756 3867 6297 1531 1431 4121 9205 6397 9275 9021 9588
24 8587 6189 4511 3602 9018 9171 4764 6422 2128 4163 6379 6800 3854 2444 9302 4290 9706 1345 1296 8141 5217 7032 760 1687
22 6418 9852 2118 4225 4088 9738 7386 1453 3770 4879 5770 3862 5481 5040 8428 338 3377 1753 9148 8569 9489 4849
12 9698 5727 3424 3396 3614 6188 6406 8516 4985 7402 1140 609
18 8698 2603 6329 9412 8410 3842 8609 5695 4617 9222 7569 2648 3799 9000 4329 8841 3582 8531
21 6780 1414 9691 8309 6922 6352 6438 1106 2654 5382 9950 8638 1787 2042 1876 4212 5420 6604 3660 4468 6090
13 6767 6884 1640 4973 2937 9165 7933 2966 5567 272 3561 9287 8596
16 6044 9595 7975 9297 2212 9388 1320 2268 5249 1832 6773 1538 4801 5456 2027 8135
19 4056 7993 8203 7430 6186 9620 6512 2480 9896 9789 9143 8814 2694 800 2960 77 6854 370 7015
21 2531 1113 5205 2881 3453 161 2044 1443 7812 5021 777 3135 4060 6602 4993 322 1026 139 6124 2752 5152
21 3410 5213 2975 6327 3022 4986 4593 8324 6279 3465 6161 2402 6201 4235 9163 1982 2950 9348 3283 1769 3091
22 5881 1512 3426 5566 6340 7692 4063 8970 659 2875 2264 9322 3924 5472 9292 4407 3613 996 4631 9386 3158 4118
20 1879 6307 5025 9105 5054 2997 6216 2304 6213 514 7466 352 6681 8007 9270 6682 1342 9686 1409 8852
22 8086 3160 9267 7874 846 152 1910 9209 7477 2011 3155 5099 4209 7898 4840 4988 8811 1132 634 8844 6464 2331
11 8189 1192 5844 8475 6617 2414 5320 2254 7725 3412 5430
26 2828 7704 7927 7580 2856 9464 169 7364 8118 2979 3165 8062 8505 3425 2910 9968 9508 9139 2595 3011 2299 4535 5349 4360 4210 8522
23 1794 9401 2455 4246 2992 6498 6886 1886 9897 8981 5564 7501 5208 2078 6312 5072 1604 3912 7107 9422 3590 5585 5
24 7849 8932 3572 8224 9104 3220 9832 8555 3181 2072 6460 3691 1639 2141 7006 4378 3154 1501 278 4789 6945 7917 2381 8757
13 394 6912 4291 2108 2407 30 463 7222 7341 4096 7672 7506 8526
13 6269 5034 4794 1206 6762 6333 2766 8502 6591 6226 8732 3897 9323
21 6843 9649 8902 3666 2181 7203 8151 7010 6081 9912 137 1448 6146 7626 5597 2560 4517 2587 9853 503 4030
