24 2822 1377 5209 3950 1220 6280 6215 7661 7811 6813 2017 4829 7238 6223 9534 2460 7956 723 9377 8672 103 9358 7315 4915
27 2921 1387 34 4896 7575 1138 7028 5802 3608 2808 2998 4343 2237 1819 6111 1050 7143 9597 4203 5143 4324 3498 8802 218 8409 6513 9307
27 7136 7704 8026 9785 4286 7488 3272 1541 1028 4691 7352 1206 865 4074 9290 6432 6079 5989 840 7943 347 1902 8308 196 24 8240 5208
26 3117 9538 1768 7331 9428 2609 3513 9853 2552 4443 6456 2408 5600 4371 7271 2231 9156 3788 4245 9691 7228 1682 6203 5618 4965 9558
31 835 3452 6463 3932 6563 8966 8381 7278 3777 5189 3058 9497 3686 8650 3888 2741 6714 3960 1903 1563 8656 8059 8635 8622 9074 6916 1486 7261 1739 6647 7641
28 7833 2583 1909 2343 1133 630 3195 4264 5366 7753 8448 2859 8371 1103 958 386 8259 761 4606 3206 6636 7666 2691 5559 6404 5551 8753 1648
32 8450 4474 5113 7744 4195 4005 5867 8292 6553 2175 576 168 6820 1589 858 2235 6716 3026 6594 9419 9509 5977 7398 6937 317 1017 6086 9134 7246 5877 6511 7527
30 2603 9054 9104 6970 8261 4009 220 662 243 3069 2513 8931 709 1091 1352 5971 7081 2229 8291 7041 7255 9313 6679 4681 3943 860 2291 4707 1367 7260
30 2139 4766 4091 3921 5566 6000 7203 1344 3192 4931 7419 7522 1709 9218 7150 6345 5767 2300 4525 5331 5708 8048 6158 4449 6981 9557 9285 3041 7553 511
31 9670 8669 811 8624 9033 5883 5857 3528 2687 1098 7243 5083 6367 8963 1458 5978 3799 302 8866 9676 5778 2641 8531 6541 3848 9766 641 2789 2213 1990 9784
30 1959 7382 8205 7173 4217 3696 8178 2794 425 7062 452 4988 4212 6646 7953 1068 5546 6653 7733 4704 483 5929 5743 6089 898 9022 5294 9347 3633 7021
32 1785 6347 5721 2876 8540 2049 6262 2868 8264 5384 9842 4774 4266 1935 9311 9060 6134 4955 5003 1720 370 8208 7599 9333 4265 5009 8018 5734 936 4712 5269 592
28 2635 9561 9361 3919 7232 1588 8417 6128 380 1602 5322 7257 1585 8686 1406 4177 1456 8034 3737 4781 7293 9680 6887 1209 5398 9968 7654 2084
29 6933 3492 9820 7496 9732 2396 6005 1236 5784 2525 597 6138 7706 3127 2973 7882 3343 1495 7823 5186 3466 1992 8809 349 6053 8146 6637 8583 5987
26 5260 5535 9200 8699 5423 5307 1804 3934 7916 1039 6609 5412 1102 8329 86 1511 9674 4618 6095 6391 7252 1633 3527 6415 2814 7540
32 493 6796 4099 3702 9773 8320 2644 2674 1839 4527 8131 1861 2502 6192 5093 5540 6924 3325 9626 1619 104 7562 7658 1005 3559 2393 9710 806 6184 1484 9873 9770
29 333 7205 5528 5156 3201 2135 9494 2536 3427 4031 594 3146 778 2390 6337 6692 1122 6953 17 1087 9234 7198 7657 5019 7595 8100 6028 9650 849
27 2098 9243 1670 6250 3150 3323 4181 1689 9781 3678 3835 5701 1459 1553 3801 99 3576 6760 6827 657 921 712 8323 8043 439 4422 8879
29 6261 7047 8434 7929 5387 6790 1575 6395 9362 2039 7784 6989 7771 1405 3879 5135 318 1225 3852 6247 5871 2347 5358 4505 9633 9894 9615 9544 3642
30 2734 5325 4338 5129 5855 1795 6322 3443 883 7931 6015 70 4401 6115 3584 6873 6904 635 8028 6946 7064 7716 3689 1586 6593 6943 1263 1184 3769 6576
31 6599 8644 5149 6959 5153 8906 5724 3733 5166 5228 7748 5090 6412 353 5289 4546 6772 6462 1272 2290 2026 2974 3140 1617 7905 2197 9476 127 5698 6969 7471
27 3060 3128 6363 879 3722 9223 8581 1895 2511 9921 2647 7560 5122 9547 4080 6807 5816 4439 5745 7391 8905 1443 4907 5261 5231 4890 8715
28 2446 2996 1062 5529 1442 2144 3122 8634 3103 9324 8025 4941 2255 92 8864 3723 4033 7273 759 1273 488 9331 7602 8935 8077 4556 1690 4188
28 2234 8121 498 850 1855 6822 7061 8154 5900 5508 2052 4696 3368 9207 533 5270 4434 7438 4404 6691 4216 3990 6239 732 7094 3404 2530 6164
26 2922 159 9743 9251 6748 1907 7086 174 1532 8689 1493 8826 7258 1664 2034 505 8571 9944 3935 1362 7687 5158 1115 2911 7362 3708
27 2772 3505 3501 5310 3845 9489 8454 7296 5760 8316 2955 2760 2355 9118 6448 4109 5573 646 5750 1355 9715 2340 3208 8979 3962 6960 1177
29 8033 3877 457 9930 1025 6580 320 107 141 6472 4178 8008 8659 4583 2970 2108 354 3007 7646 7874 9319 5141 2566 3224 5173 7413 172 951 2634
29 8103 750 8080 3598 9273 6504 2391 4395 4724 5293 3565 4019 2184 8185 153 3250 8221 4522 247 5572 3768 3223 8408 3706 7647 7731 2441 5789 8265
27 4172 4303 1956 563 291 8910 5079 6218 465 4032 8939 9434 838 1552 8860 4406 8171 9429 7067 7945 9503 4039 9924 4020 4981 6442 4605
25 5634 9166 5461 5244 5058 3854 6473 6697 9654 7007 157 3137 8867 9471 1246 19 1394 6194 2875 4036 7440 8810 4872 1323 224
30 6428 7313 7297 1330 9019 3620 3238 8681 5022 5759 1767 257 9281 5064 2020 1650 4925 9177 8926 6492 4706 6140 5469 7736 9972 1685 4061 5936 7801 4419
25 7245 1040 9787 6620 4126 2359 93 8646 420 7816 4456 710 382 2979 7626 5236 6695 829 9102 1018 4326 6709 4820 5774 6055
31 45 8561 1204 330 7219 9702 8237 2468 679 4356 2207 2055 7188 5080 5265 3401 4902 3895 5098 244 3967 959 9146 8789 9291 9865 9613 448 9094 6587 4625
31 8854 286 5973 2399 6410 3118 9961 2591 5742 987 6666 7328 4316 1262 2369 9616 5958 7813 4911 9985 8 6297 118 5452 6209 9034 8522 9705 5491 7934 1199
29 2368 4501 5336 144 9385 4715 3164 7406 4487 4370 7955 2909 9087 4565 2520 8814 1517 6323 756 9083 165 7497 1989 441 9667 2105 2400 6038 2480
31 9475 5524 4236 5213 874 817 7177 1994 3151 9880 2415 1290 6287 7377 3846 4835 2977 3585 8550 5026 8757 6736 9237 1949 9086 2694 8535 4459 6503 9723 8167
32 3042 7397 9408 3009 7621 6299 2637 2232 1603 2947 9526 8813 8538 2354 2759 585 7681 2945 8587 7141 97 9137 136 5663 4651 8940 6838 731 7817 2456 5273 2254
25 5266 7337 6600 273 4655 2279 1009 6312 3850 1166 3721 7509 4669 3837 9587 4359 5807 8863 8748 5381 5342 7332 1634 2467 5240
31 6440 1817 687 7244 5968 8765 8957 8737 9725 437 7709 2050 3849 7077 7493 5652 8972 3596 1523 8674 7814 3307 3002 7306 6222 1393 7029 5372 4345 5227 6172
28 3039 5955 544 7579 5829 7249 4030 3300 1064 8655 5793 4720 5830 6060 5230 3672 5174 1623 5931 7403 7530 9652 4108 6251 5466 9474 1106 6246
30 6613 6497 7475 667 4455 6677 4942 7393 219 4679 8153 2913 5137 781 5833 4120 3978 6204 2447 3594 1823 454 28 1699 5180 6324 3289 4683 5897 6207
28 2440 5939 4060 2649 6864 1429 8072 7464 7379 3887 5429 7275 5281 6298 7586 3211 6350 2697 3261 4649 7170 3294 6273 4531 9778 637 7422 7559
31 6198 3288 3833 8503 6030 2815 1430 3783 2136 9457 5935 615 2763 8294 5828 5664 4128 8610 14 7803 3013 1941 1625 3394 6605 3358 5521 6327 2776 4516 6804
29 1434 7613 8952 3735 1390 3537 4298 3604 9491 7745 7950 6976 3926 6208 95 3961 3927 7129 9726 3751 5620 506 7600 9124 7807 1550 8187 2249 5638
31 1179 482 27 9441 6475 9079 2966 7259 343 7598 1525 848 8122 7334 8507 6114 8886 278 9066 5493 7975 6589 7137 6801 8576 4105 9398 6626 4111 7907 2436
27 156 9696 1312 9459 3264 4622 589 9235 5163 6675 7450 3631 4825 259 3377 7018 183 101 5825 3031 3566 9519 8962 6011 3796 3719 5002
27 6812 3765 3005 5520 9915 5619 6409 4900 8309 9067 7195 5347 4985 3003 6220 1469 912 7479 2880 8430 3023 7734 1981 4384 9971 2406 5666
25 1711 8125 1275 1398 9629 610 2499 4247 4520 5550 4612 8007 6147 1887 7103 1426 3189 5872 9198 7972 2211 5667 2215 9607 9138
23 1134 5557 6151 1809 9625 5348 2774 565 3863 6098 1294 7363 2466 3602 4860 6894 5814 9536 894 427 3148 8574 711
28 5876 957 3878 336 7516 1152 9721 1414 4315 7680 1837 997 5854 6072 1927 5755 3327 9749 2696 9493 5316 5101 4196 2572 2345 8771 2661 3399
29 1566 8607 9288 4166 5917 8833 6966 7944 8235 6300 7703 4792 4064 8691 4748 2671 2326 4814 9426 4498 8403 3029 542 6799 737 6360 5849 9018 697
29 2758 9136 7394 540 9123 4248 2346 4621 9044 6572 9690 5983 2382 7623 1719 9617 4800 5957 8671 1084 1432 3526 6694 18 8363 7791 6798 7850 1508
29 5959 2550 7402 1772 6516 5610 1440 2313 6523 9056 3506 2122 3314 9458 1170 8882 4113 7591 6958 8704 4536 7465 7897 8567 8068 1615 764 4014 4184
27 9151 7566 8017 6102 9627 5912 9975 841 3532 5297 2928 3310 6811 7290 7587 7033 3662 6965 705 6035 3749 885 3578 8219 852 5930 6614
25 5604 1893 5555 6936 2350 627 8651 6221 1433 9425 871 8067 8350 4425 989 611 7155 5631 6381 6923 6355 2796 749 6823 496
31 9861 6200 2228 7442 9322 5542 6500 9571 7317 8262 6715 7091 301 8752 6544 3152 112 1033 6195 9711 2159 5243 3586 9277 2264 4291 6052 5844 8539 6480 1651
30 4467 3562 3533 8850 6493 9268 5744 2748 2679 7835 1708 6354 9372 2033 2632 367 2312 5899 8429 4987 7640 6067 1663 5140 5599 7289 621 4352 953 8816
31 9832 2765 256 9042 432 5144 8711 5863 3299 6550 7024 9274 9970 6918 5309 4658 7712 5027 2226 6758 5773 3822 763 410 3627 9620 3938 8516 4895 6217 4690
31 9738 3075 1035 5462 968 5258 6753 2920 9939 9327 2629 1889 3490 1244 2683 7200 9427 7881 6487 2402 272 5544 8411 9348 6335 3450 3239 205 2969 4539 3595
29 8725 3179 1113 9219 7952 7239 1944 5105 8723 313 5420 3798 1280 7696 8490 5662 4310 1240 8107 3945 5602 1159 9205 9686 1333 3816 8298 2956 7502
30 7080 1364 7011 8053 5949 7870 1174 4388 9260 8917 1002 39 1056 2730 8621 2888 7500 4534 8495 9518 2898 1605 1514 6771 1375 616 3311 1079 7178 2497
30 3883 8447 7581 6459 5860 2295 6616 3203 4589 8728 8617 2116 430 539 210 3897 8773 3824 2271 8839 2665 8212 7452 9433 2978 3459 8117 9916 5481 3059
28 2150 9194 8286 6928 2186 2747 9856 9183 7142 7671 6069 9917 1319 8938 3010 3983 2015 1391 6963 2702 9026 7113 8456 6619 5110 8416 5050 6441
29 7318 4759 5492 5675 1250 6710 6167 927 1427 4040 3191 6434 5766 3094 7948 2060 274 733 9021 2660 2941 1901 7444 1506 3910 4961 2170 9505 9404
26 691 4246 7251 130 9752 4817 8609 8620 4874 7401 7387 258 6082 1046 6365 1169 1073 5605 6662 6254 7998 9253 6929 8228 3956 9643
30 3516 4170 9804 4050 9777 8756 7347 1299 2142 1307 2590 2548 5441 7860 1401 1392 418 6905 3473 1480 1334 6259 5735 9569 6317 9025 5032 5960 4585 5193
29 5455 5097 8592 61 170 7986 3755 91 2435 5496 6856 6997 3290 5874 8338 1567 7236 5651 5061 3230 6723 5184 5819 2510 5650 5161 9388 946 900
25 7678 8472 7529 9304 9612 9640 1229 7054 6764 7330 7122 4667 7884 6375 4815 7292 2270 2726 8380 5518 8058 9208 7968 8443 3107
27 389 8152 5127 9139 8937 7878 2303 4929 1419 642 334 3136 1885 4365 5924 8336 2723 3282 4859 3426 9953 1800 2571 6029 8619 7655 7774
28 6130 7639 1746 8797 7084 5868 2429 964 3429 2061 3336 3548 9228 8426 7102 9757 4438 4143 6394 8729 3977 374 8777 9353 9828 8918 6088 3116
27 8980 5334 9236 6177 6844 5435 2021 1519 4818 8801 115 628 7431 214 7758 9103 500 9532 9639 3200 6241 2109 3157 3207 8011 7965 6017
33 2995 2648 5475 4169 6258 3762 7436 2298 6212 8645 2001 2595 3228 1524 5200 8925 9959 5732 7307 4737 222 8313 9758 3915 6071 50 7977 3752 6577 3601 2123 2075 9109
29 9058 9764 4996 6117 4560 2024 4323 8022 9240 1193 5659 6225 9821 9651 1483 8148 3213 6396 3790 3395 4816 5922 7101 235 6358 2915 4708 537 6090
33 9053 6543 1896 2482 5696 2768 9909 9745 1253 5343 3254 2280 1908 2539 3124 3730 6006 6895 7126 2315 2047 4475 4770 3964 3115 8163 4210 8510 1254 6532 451 4685 447
27 187 2191 9942 1014 7976 1283 173 2289 3078 798 239 2657 3514 361 6104 5554 5194 8069 8382 7933 9450 5359 9244 1105 6821 7903 9799
26 7643 4632 1700 684 2058 6446 3341 6276 1545 9910 2120 198 8578 9276 1789 1366 6949 4233 8209 7224 5571 652 378 368 3403 3748
31 3190 2297 9257 5545 6382 8751 8439 908 8368 4673 190 4640 6567 7484 4243 1920 6735 7702 1535 8319 2488 246 6568 142 543 5719 455 7192 2119 8092 8887
27 3183 1492 3361 4481 6003 9052 2395 4278 8791 7316 8593 5440 2720 3303 3271 7888 613 5692 5444 6984 4022 3726 4296 2454 7521 1727 9431
25 4904 8543 16 1123 3346 6752 8518 1132 110 7131 7958 6882 6684 2845 4845 461 1565 6132 4810 695 7505 5813 9463 1533 9212
29 3425 9992 1520 9772 7286 4231 1258 9220 1301 5601 6674 2276 7809 4779 6100 1382 2889 8414 9528 2625 5099 8467 1658 2483 9032 1509 6667 3468 3876
28 2717 8246 7115 40 4710 8991 4137 8349 8993 8944 2028 2040 9158 58 2581 7353 2246 549 9578 8357 9374 1790 2976 6308 9987 6842 7996 5453
24 7849 3210 128 9669 3851 1004 9380 8874 5490 9979 9309 639 2508 7737 7628 8300 4159 7226 9449 2905 2376 7477 5685 2786
26 6885 9498 4067 2752 8108 6566 6036 6874 8469 6531 9090 3407 4215 57 3129 2411 7079 9294 776 8354 4075 2883 4367 6783 7938 7947
33 9822 2381 1437 9227 5751 2051 3716 9147 4703 5303 2247 7038 5407 4497 9502 228 6941 8142 7656 6851 775 3109 2700 9521 727 8998 7902 826 2065 7164 5780 5178 4300
25 6340 846 6754 5713 5671 5010 9851 3989 2891 7300 5839 5202 369 9387 5154 3408 9641 1075 5626 5715 2926 20 1369 4540 9982
31 6430 3832 7793 5966 1976 3954 2236 3669 117 4457 7664 1526 359 5259 1879 9334 9552 9729 633 5287 9174 8537 6020 5676 9605 6751 4666 6901 3345 4586 8307
29 7851 1691 5669 1745 5896 3033 7915 9990 1555 6329 715 2153 3778 3028 1726 4839 9513 8082 7510 9897 2023 5788 708 8302 2938 9535 2306 4775 7049
30 3448 5388 554 8513 2042 5109 2141 768 9599 7675 4363 6263 9689 2699 1128 7043 8422 5378 7676 4812 8496 7786 206 5217 7799 3948 7730 796 5953 3048
31 6056 625 7030 8851 3951 2633 9907 9242 6703 2242 8251 4174 8213 6449 2685 4511 178 3108 9424 3470 4164 7133 4786 4333 3509 9508 9342 5536 3931 4418 8395
28 8172 8568 8227 1051 404 3347 7538 3439 8042 3262 4728 2076 1796 7005 8597 8498 4509 9070 1884 5893 7266 5088 2896 4905 2275 9438 4963 4789
29 5371 2713 9460 8356 1926 663 6255 8410 674 4190 3637 4021 954 5820 4148 2798 7570 6087 9396 3966 9744 7204 3712 5629 9064 7123 7270 2157 4644
32 2870 4107 4797 3339 2640 6113 7723 3703 6643 7866 2489 7869 4997 7925 4047 2887 3488 7612 2540 6539 4054 2299 923 3142 1157 2196 2363 6907 3355 3697 1001 2659
29 9145 773 8740 7253 4186 4175 5693 3479 2337 6630 2735 3986 9664 1972 7557 7385 1858 9567 4572 8692 1332 728 4209 4267 6631 2862 8776 1928 6663
29 2223 90 4122 1410 2048 9761 7022 1238 8377 980 3304 4095 9793 3839 1761 1636 6977 398 6863 9016 2816 4849 7301 1686 8110 4600 3366 5007 6051
30 2584 9960 596 6819 3764 6242 163 4514 6866 550 4958 9375 6460 7701 6742 2708 8960 7994 6759 9511 3012 7193 3221 8451 1930 7518 8060 7966 3529 9418
29 5254 7179 9913 6699 9484 473 7483 9126 7209 3825 5699 2900 6829 922 6156 6607 7218 1450 2127 9245 1646 6316 3424 4138 2308 6988 7089 869 4964
28 4114 7918 1037 1862 4034 7147 2221 9546 7369 4003 9733 4652 4921 8769 7247 4617 9877 3740 9998 6788 5866 8075 2884 2721 882 8640 2494 7264
26 6975 3665 6482 2145 1631 3114 8036 3167 5781 5292 9844 7844 4280 9483 1376 7127 2192 867 6109 2612 1995 8343 6921 8070 3106 8194
28 9141 7787 7042 2736 1016 9963 6427 3326 8256 2132 1643 8335 5451 9261 2837 4125 2663 6967 5923 7051 4253 1041 9061 5589 4222 6932 4714 819
27 6096 1573 552 3350 9974 970 5556 8642 9835 3606 8106 3923 3446 9390 2278 1906 4787 6127 5625 4445 8388 2079 1580 7970 8484 9580 7747
25 3660 5130 2557 3476 9073 1380 3049 1784 4145 1360 1163 2316 4417 1453 2216 2164 2650 2831 160 5085 692 253 9748 9354 6479
28 4891 8502 1359 6935 2914 5051 2519 6826 6361 6236 8476 1182 5890 2833 3700 3495 1736 6315 8984 4863 4220 9206 2545 1878 3988 8270 8819 5921
29 7320 8504 915 7335 9811 8584 971 3348 1609 2243 4281 2656 2014 8140 7779 2364 3376 4453 8419 5288 2861 433 757 1086 3352 2731 5285 5779 1637
29 2600 8523 4660 6961 7528 3667 1770 902 1370 1852 1168 1023 6085 777 8601 6998 1346 5212 9701 2827 7211 520 880 3838 4884 717 8981 1916 6974
27 295 182 1067 8872 7715 3625 8627 4736 1671 3794 8976 1489 9464 5075 2527 7795 1224 8156 4142 5684 9176 2285 4042 5937 5432 3918 5561
31 9191 3265 1734 5908 9352 6283 4408 2710 5916 7240 4641 1849 3603 9855 5108 1661 713 3605 407 2792 3162 7168 2688 6805 3861 7714 1287 4580 5092 1875 5517
26 6781 4433 6168 3992 238 6902 2310 2832 6344 1694 7009 8842 4637 5565 2245 6739 7624 9512 4154 8508 699 1279 4947 937 836 7460
29 3636 4574 910 2195 3266 1760 1412 9395 8812 3176 4204 3035 9704 237 1936 245 4750 2485 834 7027 1201 1438 3338 9631 4705 4746 843 2902 4678
28 4967 2795 1818 6407 1178 8006 6286 4385 9231 5023 7536 8755 3705 4551 2077 7212 7206 1231 1043 3736 4755 5873 9523 2627 8953 3958 518 9510
29 3353 3581 5613 5069 2916 9751 1659 9955 2331 5301 1256 4440 7404 4713 917 2043 6724 2319 6199 1065 3793 7827 5319 5709 7601 3909 3120 3970 8009
31 5482 9662 5653 3781 9806 5082 590 3205 6854 3215 8988 5350 4582 9906 8446 7588 3463 6521 8519 538 3244 3550 4429 6608 242 7073 2751 7280 3979 6650 7348
29 3187 4922 6992 7120 1675 2841 2138 6519 4478 6186 2835 2651 6693 2066 143 751 9196 4027 1341 772 129 5753 8010 5039 2214 3959 6881 5635 3554
26 4611 3782 49 2767 3391 2167 9439 8004 7409 5592 116 799 1504 8295 6466 8973 6700 4563 6465 4255 566 5586 4353 9995 9343 6906
28 2849 1831 6635 3524 1241 555 1904 6793 9854 4579 4533 2121 2967 6696 4549 9077 7210 9144 5111 8359 4409 8648 3729 6717 5729 966 5562 4659
28 820 2766 2000 1614 1264 1042 9315 3830 261 2009 6862 3955 3356 3543 5720 5956 5567 5422 7573 9386 7904 6101 7520 1947 575 3218 4881 722
30 9581 8730 5206 5128 9190 7158 9456 9583 4083 5514 2610 3121 1321 861 2615 7075 3301 9297 3885 1190 9088 6514 366 8772 3112 6920 8830 7470 6564 8909
32 8598 377 8492 7014 9095 7185 3019 8679 7592 2960 4542 3392 3454 1371 5024 5367 5606 9453 1571 9169 1578 875 3999 3787 6467 2284 1583 1576 7746 4274 4643 3555
32 719 1788 328 6294 8003 9382 6444 2873 703 9406 8828 2542 9363 4435 7928 527 7157 2056 1452 4351 8529 4836 9530 1561 3497 1859 4993 1714 6153 7843 6737 7555
30 7138 5703 352 9470 2472 8193 6481 740 308 743 2538 2373 1292 8248 9389 4230 5622 2972 3088 2602 6270 1476 1922 3673 8739 856 1881 7900 3279 6898
28 9392 6557 7946 7380 906 3757 232 9055 7981 5502 7670 1215 603 1461 4414 7437 9922 6682 154 7420 423 11 661 7125 8731 8236 2594 8096
31 3016 1938 4543 9075 4318 1059 8884 5714 5157 4117 204 4647 636 9792 664 5943 9047 4244 884 6058 6555 4198 4744 9399 6560 7523 6745 8893 7729 9161 9700
29 6507 1143 2874 961 6995 73 7988 5376 4575 8486 3144 3379 38 9862 9287 6026 9283 3512 1351 3754 7070 1251 9610 2282 948 7106 8487 3422 6835
27 5588 8207 5815 2401 8494 2027 7993 5222 3364 76 916 5152 8942 6119 5447 4010 268 7095 6031 2471 8853 5686 8247 6305 7371 3444 9604
29 5832 5944 5903 5553 2140 4152 515 5706 3917 4387 6547 2843 1096 5329 5198 5800 7893 6968 6768 1058 6107 4772 9789 8174 7542 6397 3872 8470 1596
30 8141 3384 2793 4870 2384 4697 8201 800 4562 2071 1683 5036 9575 7443 412 4813 4776 1606 1013 3728 1649 4554 5961 1731 1449 2094 8582 5489 6142 7234
26 9106 280 8468 4088 2012 779 8250 8726 3243 974 7727 545 5118 2984 8190 9893 7410 1743 9105 7311 267 632 4416 7788 8037 4037
28 3249 1365 9755 1558 9540 9437 5821 1248 8862 584 4402 6749 8348 1054 4700 2407 481 5034 6070 7818 876 8902 8606 6832 6447 7697 1773 9346
30 681 6982 8654 3302 434 785 2677 7777 3465 3715 5142 532 8159 2262 6063 8436 1142 6075 5242 2118 463 8181 29 3154 2638 181 8024 8353 6952 6588
28 2038 6227 9791 3312 2965 4636 8375 5433 3480 6331 7462 9173 4892 805 8560 2475 1383 5056 6249 342 8600 5576 3542 859 4437 6722 3080 5823
28 6570 4662 1751 9128 1267 1787 760 74 6160 8511 6582 428 4761 7763 1848 2307 524 1748 4854 6825 614 2964 4688 6972 8105 3957 3913 4331
28 327 8698 6578 350 6556 7691 5512 2624 1872 881 741 8035 3974 1507 96 8196 8444 9516 945 146 8922 2302 4959 8002 3583 6755 4791 7854
27 9351 3632 8170 4937 9520 5525 9504 3001 6389 1420 739 5906 5404 2877 4601 5994 5786 6384 2113 1845 9269 6536 5221 1470 4682 788 5392
30 701 9157 9940 3291 9590 5351 8111 3651 5769 5856 8369 3982 8989 6945 7831 5373 1047 1088 5357 4653 5362 3093 6196 1501 3257 6141 990 371 7806 202
29 1826 7006 5914 7230 9790 1300 5587 4413 472 4140 7282 1933 4930 1418 1530 492 2484 4187 4513 1984 8275 828 5091 9878 4271 12 8374 4866 8629
28 3592 551 7798 1644 1794 7605 8914 1797 8055 8191 9043 9421 1673 299 478 326 6064 3792 7565 3561 5649 7342 6818 3717 9030 8928 9838 7756
27 7674 7855 1779 2479 8575 1854 8478 685 5975 833 2188 7429 1490 2893 3567 716 4389 1291 279 7940 3032 1874 262 7741 2829 3829 7492
26 5835 4349 9568 1417 9754 1093 9121 8649 5425 3166 4431 3453 7288 2464 5737 9683 1732 9480 5179 3270 6852 5445 5515 5275 8317 1185
30 4115 528 5115 3582 338 15 4722 2908 6652 431 9973 1557 2825 5332 6406 1145 5718 6698 2292 5385 6307 4876 9938 6592 6774 6713 192 3092 8744 5690
28 586 2517 6729 702 9286 7383 9165 7065 9289 5119 8089 9809 9618 9501 4420 7692 4614 4493 2362 1008 8280 1687 1297 6076 5870 5609 2349 9192
30 3440 1187 2086 8870 7752 3306 3907 3610 8050 9107 3100 7468 3481 1226 3507 2465 1744 2981 2251 8713 3535 1710 9693 458 284 6909 4593 9900 2716 7568
30 1408 3681 7449 4529 1282 9485 2950 8249 7097 2030 8967 331 909 3894 234 6453 8226 9717 1338 9875 4211 4709 3087 9945 7754 5812 7166 467 4897 977
29 7782 7794 7448 8903 8052 8820 5126 5683 4950 2601 9153 8358 4564 1934 9081 7012 6048 955 6938 8459 9541 1208 4729 7498 8112 2718 9579 4962 233
29 4182 2332 2604 2971 3612 8074 8162 1293 1592 6538 8904 7610 3670 8337 189 9996 3650 8425 8304 8800 1180 2575 1869 2559 9517 4412 7435 9555 2894
26 7277 9957 3972 5942 9735 5654 6267 5296 7629 1688 8222 1126 7919 5727 5731 4043 2521 591 7372 3593 6501 1479 9863 7223 7537 2994
25 8044 3119 281 7295 5436 8718 9415 4289 5904 1435 2044 3759 213 4727 985 9928 8817 2932 7454 1669 651 5787 7861 2804 5885
27 3155 7545 5136 276 9592 2578 706 4903 6990 383 5100 4833 2935 1034 3269 9796 8497 3718 7547 8806 6342 857 2990 9934 5374 7805 6413
31 306 6671 1036 7699 5148 408 1487 7891 9059 5369 3212 5509 5694 9222 8255 6741 4471 4676 6376 3319 5498 8054 6558 6913 1274 2162 1978 7738 9687 2556 4594
28 8078 4989 5197 7421 9966 8234 1217 3573 5439 8700 5059 1799 6780 3449 1873 3389 7898 9046 6083 179 7507 1078 459 2328 2054 1010 6639 531
25 8858 9038 450 8464 4123 9803 4566 2274 3508 8844 5611 2682 4862 4167 1918 5081 8563 3052 162 9193 2405 8241 8061 4940 85
29 8544 6319 9868 1192 2614 3455 53 8958 3587 5822 5012 9368 6454 4547 2589 8915 7199 1783 1156 2988 8138 8457 797 2987 2398 516 2807 4875 4901
28 3873 7574 3460 5472 2573 5945 5796 9394 4341 4726 1309 2946 7846 7321 5067 8175 297 9647 7563 6468 3864 5341 8742 1716 1266 8225 5836 6422
29 9601 2607 548 8118 653 1131 1222 6744 4465 7390 4201 8899 2404 7112 2006 5730 2341 3884 9611 348 3933 4620 3135 9524 41 2670 8412 4871 1154
29 3216 3911 8049 4200 9027 2622 365 3647 619 3494 5768 9655 5848 2082 3477 1866 2821 887 8626 3761 707 5339 4463 2072 4490 5543 7978 1793 519
29 3491 8383 656 7724 6869 4355 4394 9310 4044 5523 3398 6893 9057 6386 1929 6996 8787 6726 5205 7262 913 2621 9013 4038 7551 8559 2904 8768 5211
27 1579 6668 9117 3643 5826 4084 5210 4795 6817 4079 9812 1389 1144 8384 8675 5752 2283 8087 4541 4016 5414 1019 2437 6833 6311 5845 5361
27 4523 8085 3482 2244 4249 2218 9229 794 8182 995 9482 6206 4090 8762 5076 6306 3125 7023 6193 3738 9684 7480 983 2819 1385 8784 5044
31 4119 804 405 89 1964 6767 5522 792 402 9495 925 2457 5035 8824 3435 5974 1721 2424 6743 5505 6962 9266 3372 827 9225 1347 730 8891 126 4821 6091
31 2586 1247 7329 3064 6973 5020 8992 1996 8263 1304 9818 1723 2495 6429 2811 5132 1353 388 6400 6527 6685 562 4073 622 9977 6201 9679 5471 1672 5470 973
26 9180 9446 7395 5511 4311 6718 7299 2744 9461 3654 4559 7942 9983 8512 1853 5746 6884 5393 1803 7797 9373 6066 8084 5907 3101 7718
29 3831 4494 5595 8625 7985 629 6411 1998 252 5704 3313 9127 5395 3011 2761 6414 9668 2757 5013 9345 4806 8664 3591 5305 2063 2498 6673 8387 7364
31 3766 3169 3575 5112 3763 9397 5052 7489 1759 1219 6385 2547 5327 5689 6908 2114 7172 4555 1336 1286 7098 944 8557 7619 2250 5391 5926 4827 4354 7608 7820
25 1813 2090 8969 8778 5171 2053 2771 1725 6800 3055 9303 6291 7184 4623 5464 3433 122 9840 2160 6366 5526 7008 119 6942 6627
31 3709 9447 3630 7864 5668 9816 4627 745 9350 530 7580 5547 7082 3434 564 3622 5817 7167 9507 4051 6387 3414 2733 5656 8474 5300 5560 6704 2487 4767 5255
33 1999 9360 9336 1140 69 5181 6794 2608 9622 6162 468 7415 3925 8859 8665 5840 4578 4312 3814 1581 7357 2596 5087 6122 7892 4790 3141 8708 3779 8916 1607 9782 7652
27 3922 7720 4944 8282 3036 8933 3430 5403 6927 4379 8775 3646 982 7630 4557 4868 2208 9746 2628 3725 9879 2856 9978 6784 3008 4097 7936
25 577 698 5031 6374 309 1639 4134 290 9035 7370 6719 4918 2348 7757 6146 2690 3428 8612 765 4403 3713 1518 4702 2737 7322
26 8786 3503 1148 9175 5999 5705 8831 7880 3500 2558 8573 7941 4180 3096 3102 9262 307 3178 9496 1328 1877 6654 677 4552 4254 5707
26 6042 2414 9826 9522 8890 9899 2992 9238 5506 4885 5070 5533 6024 8883 5577 8401 5399 3973 2073 6116 4319 2046 2709 4913 1327 9556
27 7653 9248 4238 6402 1737 5313 930 9133 4588 3340 332 384 4100 3795 680 9707 3674 2564 7425 8312 155 1912 6659 9962 3308 825 7215
30 8424 6897 6931 7611 3396 2352 6105 939 2574 6562 9338 7876 8214 686 7388 4199 1439 803 6649 3621 1510 2002 3165 9948 8527 486 9947 3161 6149 2217
28 3875 3756 3856 1205 422 9096 2840 3997 484 9949 6277 1000 123 4157 9588 4492 9487 8271 2639 8703 767 9603 149 7121 2268 1150 503 8799
29 526 1030 4751 6234 5574 1276 7361 8506 8588 400 5175 7525 5063 6176 475 7013 1828 6512 5038 8379 6023 8785 2356 8326 9637 3614 426 8941 9914
28 1808 5756 7695 1822 4573 7408 5125 5406 2788 1074 1228 1069 6612 3828 5191 2387 8758 2173 5927 3017 4920 4462 2732 8695 4532 340 1522 4916
29 9413 7539 6640 5881 3811 443 1750 8911 3770 7743 3280 7906 1747 1829 3944 7035 669 4843 4085 9085 6004 3924 8287 7074 640 573 2031 3530 7887
26 5014 9850 5997 1776 4096 2782 6686 4880 3487 4130 9051 8149 7859 9232 3409 830 7217 3615 176 4225 9379 2597 6022 8218 7921 6625
26 42 7439 9636 3412 2762 8517 720 2892 9376 5501 7432 1085 2413 3344 8982 2453 1757 7 2934 7220 5337 7544 9320 8959 6061 3818
28 1717 8948 6756 9980 393 3871 2470 1679 6690 6914 3553 394 7962 1063 8996 9776 9316 9807 4285 4029 1953 3483 5575 1281 891 1288 2099 7917
26 9168 8590 4808 2570 2930 682 7896 9619 9149 8499 4732 6018 6182 9935 5790 2419 1780 4719 6875 7821 7140 2336 4008 6356 2523 2810
31 8220 3076 8366 417 9956 8063 5251 1095 2129 1802 1692 7345 8611 6143 9902 4332 6644 4610 4103 424 5139 3342 748 2421 7354 8197 4479 5317 6498 6656 6202
29 9049 6330 275 6888 9506 7867 4018 7607 6057 8528 8040 373 4374 1880 3147 3464 7058 9122 5394 8396 9017 535 6131 5824 2294 399 8845 7214 2925
26 3387 4805 2205 3172 5151 7381 2918 1151 2194 3086 1899 5488 4599 8109 7556 4149 1195 3329 847 3357 4013 8836 4798 3993 6542 2507
30 7418 2864 3656 7481 7416 5066 7974 9184 1882 9554 2989 4822 6648 9370 7663 844 6530 5541 6045 9946 6118 8881 8344 3022 10 7618 7050 1891 8216 4978
26 9159 6488 3051 3462 462 5360 2238 8840 4062 2062 8552 5219 2342 8764 7932 755 3638 7963 9000 5145 9514 1538 6136 9765 9152 2681
29 4078 1595 4503 2512 4442 5783 771 2562 135 7036 7672 5818 1919 2724 6044 5214 9119 4482 2131 9614 5858 1534 8449 7512 5408 2203 3607 4512 8180
33 175 4980 9951 2304 3139 4001 3804 4015 9648 3780 6163 8123 2097 648 300 6388 2903 914 4112 3004 2754 6777 3000 7269 5025 9657 823 1728 5805 2881 3381 8479 4329
28 6423 3720 4757 9836 1715 6464 2838 7561 22 5861 8325 3315 7838 1544 2551 5346 4946 285 7003 495 2486 6917 8929 8554 1939 4518 1697 7899
28 8995 8546 9584 7979 3694 7543 3536 7721 4377 2961 8483 2802 67 9068 376 8901 8759 5539 588 7333 1844 151 897 1974 5582 1975 2273 6806
30 207 7781 8934 2293 2701 5318 7375 5446 4048 2846 1218 4687 8861 3629 7242 3747 9564 8667 4162 2684 72 5338 725 1500 932 814 5569 4793 4235 3952
26 4935 5324 2305 1049 7144 2258 1368 6470 5146 9883 6357 8562 7949 9279 7088 9430 9570 3574 4752 7366 5902 5225 8779 9642 7004 2565
34 9014 1271 810 1860 9384 7625 5726 7719 3803 8441 2318 1242 4665 4945 8145 3284 2675 9091 6166 4232 5199 6417 9867 7762 9171 1234 7182 7197 5017 3237 8750 3826 5410 9204
26 2851 8404 2241 5185 780 5990 7572 7441 8876 323 6210 2124 9300 7346 6321 4129 8837 8269 7241 4208 2377 3688 8637 6573 1851 9154
26 102 6683 4807 288 8204 2301 7541 1149 9436 5687 753 9780 7237 5450 4277 131 2653 4780 6987 8030 6702 4407 7810 166 6157 7207
25 78 8835 5865 4607 504 1342 1081 59 5480 8821 1701 1482 4213 379 6403 2910 3089 3597 1455 9101 5232 415 2616 7194 582
26 4768 5241 1983 4279 2860 6123 3541 3984 5084 5028 9728 3020 9278 9448 8095 5806 4596 3263 7749 346 4176 4366 6490 4592 7885 5723
26 7584 816 9492 8875 7109 1961 4069 1932 1549 6256 6145 7118 3461 1221 335 9465 3549 5754 9369 1031 8192 8520 5196 9991 9847 7688
28 9888 5467 5195 7020 5308 4933 6379 4313 4550 9798 2286 9545 4992 1968 2939 5409 9830 4738 6054 3600 9114 7659 3510 7770 2834 3467 2968 6135
27 9435 862 3316 7161 6815 813 5850 7338 6750 4334 1329 8721 6809 4011 7053 4693 3571 1741 8199 5697 1513 1202 9335 2885 3652 561 7063
28 2209 436 8565 3278 4227 3242 2450 8458 8013 9089 2857 7990 4161 3684 3418 4648 1624 4041 3309 4485 3995 5538 3946 2088 3072 7841 1099 4361
31 1574 839 8919 6983 7845 4495 5353 5875 8680 1089 8330 6224 8661 9233 1146 1409 7700 9140 812 6120 4133 6219 4007 5328 6986 889 9698 4699 7066 1315 5107
25 4189 7569 2469 2253 1515 3091 2322 2161 8238 972 7400 1960 8115 1308 4335 9659 355 1164 1463 5449 6858 1957 2712 7631 7886
26 8946 2496 1556 4802 5298 6292 9864 5312 2919 2509 6707 2370 8352 7114 1457 2631 3891 1400 9271 6886 4000 5657 8803 5507 9330 3375
29 934 1568 5967 2693 9129 4391 6622 8442 975 3037 2403 893 4168 1915 2686 1358 48 4421 1840 4094 1591 8822 1343 4968 1718 7923 6303 950 6179
27 7426 1752 8073 2756 375 9302 2738 177 5700 8652 9857 4689 1467 965 9312 4893 4035 7433 2543 2588 9181 2427 344 5593 3758 1665 2518
28 9189 3775 5237 7707 8693 8293 8746 184 4889 3791 4284 2463 4603 4448 8355 6380 2727 4645 5672 4894 6549 3658 2503 7052 6325 4224 2809 2367
30 1141 4049 7235 665 1421 571 4302 3079 9762 1083 392 1349 4844 292 5306 6450 6629 8599 3113 9709 9162 46 7085 7389 1841 4646 5459 3173 5418 6575
24 6229 7096 9202 4436 2212 9467 5390 7078 3813 1158 6310 9414 1135 9823 2174 9566 8923 6579 5286 4721 4411 4840 4674 9724
30 3153 7358 9891 8445 2775 8913 3420 8638 6268 1104 3484 6585 4295 877 2546 6786 6617 4321 5272 8303 2458 9926 9318 4468 2667 4517 4680 9829 5991 7911
33 4466 6154 4994 6871 4 1080 4718 8897 3182 926 9451 9203 2068 5770 345 4160 4368 2869 7909 5295 8116 490 6839 672 1384 988 5981 7583 5344 1295 1211 8964 7649
26 4052 9695 9685 3855 2323 1243 2613 4483 5133 8889 3131 1147 7104 6338 5487 6124 6678 6896 3564 7686 9722 7139 4741 79 8792 2936
31 1048 626 3260 8950 8936 6520 4076 4524 4799 9317 6171 2826 7589 4986 9008 3180 7564 263 583 744 7732 5891 6401 8719 4624 9221 9170 6181 6271 4771 647
32 2805 5030 4390 6664 5534 1465 9462 164 1302 409 21 9500 1444 2705 3695 2534 5006 4488 7196 2568 1645 1684 8705 4491 2222 8157 5120 787 4026 8585 870 3071
28 3423 3104 3991 6765 4046 1462 1373 2410 4396 8602 5291 9007 3456 4723 3287 5001 5688 1471 1335 6477 1129 7453 1765 9927 769 9444 1738 7577
28 6950 1925 1531 8717 1554 6348 4948 4969 1821 5355 5474 203 3273 5352 6486 1223 66 211 6964 8473 3691 2374 1277 1305 6506 1136 362 2980
29 5919 3968 4568 7309 6092 8273 171 1677 7201 1888 2233 2722 1668 8878 6352 2171 1137 1536 8133 6476 438 6525 9638 6517 752 3045 491 4635 7534
29 1572 8961 6857 8733 8471 6554 1593 7840 3158 5068 1622 7466 8413 8020 3568 8362 2187 52 5415 3255 6383 4283 8045 9713 7090 2357 6161 6240 6596
31 6392 7642 4794 747 9076 6421 4567 2642 4116 4953 2176 4888 5413 4127 4914 4919 4288 2739 3067 9040 2839 6232 5641 1475 296 4783 2269 3734 145 9296 8314
29 4960 9594 3628 2777 659 2906 2746 6727 6919 5570 3865 5530 1214 9769 7276 6438 1161 1216 7506 5203 1966 1311 8747 3649 3760 4257 9866 2528 694
31 8097 7229 6001 8678 5898 1100 5005 7668 8093 3297 888 3648 5314 7267 3685 918 7725 9098 1117 5389 4763 8021 1843 9623 8542 2749 9164 6094 2493 265 9837
28 9371 3534 1835 3177 8697 4252 5670 5315 3130 8668 560 8892 2080 8015 6433 9630 8155 7285 1379 4464 7434 6455 8690 7713 9001 3226 8132 5674
27 1769 6956 3551 8134 7698 3373 949 1521 1917 5434 2083 5647 6183 6510 9763 1070 3939 595 4842 3077 4932 7567 3219 9582 3030 3285 7796
29 152 9887 3772 3519 6032 4867 8239 4745 5887 1620 3229 9529 1172 6178 3251 8489 2287 3928 631 3397 4569 7857 4150 6408 6867 3083 3540 2587 969
30 660 1539 1339 7922 1505 4677 1674 4350 9533 943 4262 9908 4515 3095 8807 7171 6991 8217 3184 8947 4731 8405 1232 5932 2177 634 2567 2907 845 8636
31 6808 9246 8657 5476 5182 7637 541 1485 1120 7875 2397 4428 7740 7298 4276 7499 8158 5419 7961 967 5321 7303 8126 316 7717 9143 1820 9731 5717 3570 9895
26 4071 6980 736 952 4887 675 6747 1477 391 8623 6954 9833 3393 3054 270 6078 9553 4924 8524 6047 3626 6661 2927 1629 2371 3810
29 6424 9814 9443 726 8120 3050 6746 2375 4185 230 9760 7766 2852 9824 4226 2872 5643 8720 4372 9401 1090 6641 8101 8427 5380 5985 6012 9071 5204
28 5057 7186 6595 9224 1608 2358 7910 7392 7693 7815 7068 1948 5761 2010 8031 2432 5884 8480 9706 1940 5607 4121 6769 3015 497 3985 9786 3188
28 1587 5673 5049 1704 8547 229 2036 7412 8328 7660 5763 9420 4657 7983 2092 2165 4633 5356 3971 8684 9009 4537 808 2248 2779 5276 5851 3436
33 5046 3929 1196 3333 1197 4250 1681 4788 9477 8553 8793 6824 6185 5192 3515 3834 683 1856 2549 4240 7189 992 3296 469 8633 2360 3661 2537 3168 3138 2620 6546 3517
31 8849 5160 9727 4754 854 4917 4784 3186 851 1657 8541 8493 5311 54 5442 1695 5691 6484 7146 1488 2425 5841 4451 3337 8570 8173 4848 4908 8660 2895 5738
27 9111 8394 1139 5516 4983 3225 4472 8000 9270 7190 5584 9247 8536 2577 1905 6545 8614 325 8367 9783 4330 9775 6290 2991 8987 3074 6133
24 13 6257 8027 8714 2018 6274 356 5951 1003 7682 9359 5827 1654 4202 7325 5089 2529 1447 4450 1937 8658 9869 341 1635
27 6197 9688 1842 8885 3268 1562 147 8873 36 6584 8794 2986 5106 2314 3806 7924 7514 5495 7826 5494 5264 8485 754 105 2008 4526 98
28 4764 1468 8400 5207 3623 8663 5682 8968 5274 7405 5843 3362 9029 7312 1249 6841 904 8041 2997 8767 6934 4024 1827 9108 7457 7152 3663 212
27 7937 8183 6461 7982 7323 8615 2801 7356 9267 1516 8943 8296 4147 4045 9923 7853 6106 2492 9337 3617 1162 7287 3369 1227 1022 4268 9918
26 9714 5645 6152 3987 7650 791 2266 3745 7597 360 7213 1097 9455 8990 6518 1763 5986 774 4269 3624 6489 6499 4615 9045 6947 6865
27 4974 3258 429 4976 4530 572 2797 1836 7765 8245 4101 2606 9135 337 2949 3359 3378 9801 1284 5363 8763 8994 4995 7726 8402 8114 6216
25 3590 5846 928 5116 4304 7349 4348 9093 6033 4136 6948 7739 984 4328 9295 440 7495 7971 2210 6478 3936 5430 4197 5216 3143
27 602 4066 8177 2263 4151 304 8500 3904 2281 1317 7473 1867 5282 6399 1963 1598 6050 801 9473 9028 7594 1900 3493 8244 3664 696 2630
28 9321 7760 7175 1186 2715 5349 3367 1612 466 4545 4158 7037 9677 7877 1188 2185 2219 4470 8643 4668 2773 7665 7360 6260 4360 8081 5970 6843
30 4141 9589 7694 1124 979 6676 2853 3185 5510 1971 9976 8260 4873 4132 3812 522 4258 3820 5123 6469 4778 401 9062 8706 6797 4381 6068 9767 8548 2719
27 7576 4259 3560 9454 7842 5138 106 4004 4446 4519 9187 863 8254 5519 7836 9671 9779 5103 2676 4558 7987 7128 4320 9041 4954 2380 6121
33 570 5147 6062 271 4717 7151 7430 4282 435 3821 7455 161 7785 1044 5073 5947 8283 5531 1973 2029 4826 8161 6346 8428 8632 5677 5725 453 6762 3305 3857 9527 7456
26 962 1833 1038 7689 6889 1053 35 7359 1326 9919 8455 9250 1771 3853 1632 3539 9230 2958 7913 298 4270 44 2514 8272 7926 2134
26 7883 8415 9933 9884 919 8281 8001 689 7336 6552 4294 231 9712 3047 6850 2181 5246 9195 2605 1982 5776 8955 9912 7804 655 5065
27 4065 6610 6655 1499 82 6912 3335 3520 3905 4864 2078 1630 2004 3034 5299 6170 762 4305 9432 1696 8202 186 4287 7858 587 282 1864
28 5465 3704 2890 6623 3417 167 8463 5074 5238 84 223 8639 9002 998 6180 6628 4070 9896 3714 4508 9682 9661 1594 2848 6332 8268 9860 2288
29 7633 3209 3937 5965 7026 2168 6766 8594 33 2409 8398 1259 2100 6590 5913 8278 6253 7099 6451 2951 1611 2592 4846 5892 5250 442 6008 7424 8311
30 7662 2830 5326 6265 7636 6150 721 899 9892 2477 3675 2725 2412 9739 2500 4598 5804 5982 2200 7447 2580 7446 9834 8014 6569 2626 1943 3668 2532 3870
30 8099 9440 188 4415 6681 3318 8564 8532 4521 1792 7305 1395 403 6187 5581 9673 8139 3046 2045 1733 9125 9357 3133 8104 1811 517 9080 3062 2007 2103
28 9488 3198 1424 2599 5460 605 9537 8673 8389 6740 5045 7645 529 8482 6398 9598 2692 3193 8016 4886 9341 9259 7967 7683 7107 7002 2985 1363
30 4753 6791 553 6509 1985 4639 3619 5302 4831 790 7776 9216 225 2944 866 3920 4146 2111 303 3371 6604 2277 4102 3613 8556 818 4695 6524 9802 8696
27 7914 4469 9213 4765 5377 4219 8418 80 6230 8318 2780 8332 5962 9252 2206 56 2087 4301 1569 8229 9602 9004 7711 7930 3840 1653 1911
29 8346 2202 8566 4400 6313 2101 7526 311 9870 9634 8215 9750 3390 2704 4072 903 255 7848 7350 3445 8735 7469 3947 4510 4571 1543 1601 7839 2623
34 7148 4447 9747 7458 6351 7957 6731 8569 5739 9442 620 5597 4990 9092 3241 6836 1667 5646 4838 2975 4405 5979 786 7263 1857 3841 9065 9759 7617 501 7837 8514 2678 7368
29 3363 2163 476 502 5226 294 4694 6971 3320 6999 55 3382 6418 6611 9624 5131 8608 3475 6034 5888 1110 5234 9572 7705 2828 1270 1399 1212 2338
30 4322 9445 9417 9131 3746 9719 4093 2770 7751 8005 3784 6084 8677 8832 5869 3441 5775 4496 8420 9920 9226 6645 269 9063 735 6248 5795 574 9403 6065
28 7427 2146 2198 6046 5400 3680 704 1160 9186 4500 6188 5304 5428 3317 2204 7265 4340 3552 905 148 1814 1628 5660 3014 4619 2041 9100 411
31 4804 8579 4701 4239 3866 7519 158 8257 6099 4642 2983 9339 7291 5964 1320 832 3063 981 6861 9596 6725 2662 8825 4234 8951 351 4631 5747 1801 3580 5644
29 5777 314 2524 3331 7679 8176 6205 5253 7105 7939 8605 7792 2220 2032 4424 7159 4609 4742 4991 1729 6144 2619 2434 2095 1119 5633 9383 9410 3531
30 746 8545 5245 2858 1600 4587 3847 2745 4193 6364 4544 4869 907 6951 2817 4883 2695 64 6443 4725 7548 9048 9306 9819 1951 6660 3406 4058 277 1289
27 4852 7132 1846 3027 479 1863 6073 4104 43 4194 5397 2943 7873 5417 6457 5716 6175 4538 2321 5468 4626 3862 1372 8811 1181 6496 1993
29 654 612 2005 7969 4144 9097 6816 7768 7927 1693 3742 1754 5894 9 1894 9794 3869 100 8795 6165 9132 9550 6103 3111 7396 9422 6371 7187 6787
32 138 3496 4650 9378 1448 9874 6658 9393 4055 6233 5055 9815 5963 9072 855 8761 8780 1057 5741 1910 5267 5165 3413 6840 2392 6 7411 3710 1655 1638 2585 5988
28 1965 9692 2442 8829 5102 6304 4809 5278 6711 4153 5405 1698 1870 673 700 6802 6288 6775 4441 853 2579 8433 2778 8736 9148 7789 1946 6301
32 9543 4830 9635 1756 4053 4730 319 9675 8211 4684 4028 322 9160 3175 693 6226 8242 6621 2327 3293 2344 807 1356 2240 3469 4155 6077 2866 1967 6883 5042 2149
29 1577 8432 191 3679 8949 3557 1604 690 3882 6097 3743 5018 1303 6665 729 5114 4756 5880 4654 8113 1357 8188 6431 6013 6041 1255 6269 7775 6148
32 8057 8372 4671 2152 3149 6284 6985 8798 2541 1897 9308 3545 7863 9628 1176 4749 512 9852 6353 7808 6689 8827 2112 9843 137 2117 8160 5996 8164 4762 5513 9577
30 9988 8440 8586 1597 7176 8865 5580 2531 1127 1883 878 911 387 8509 3220 3753 8051 7673 471 4499 5094 7057 5172 3994 1337 2844 5215 5591 7165 7162
30 2265 8971 26 8613 837 6485 4221 1707 3544 991 1045 2148 8345 782 5972 1713 5239 4847 8233 7582 1722 7092 2089 2729 892 2501 3522 5021 2155 3227
31 1386 5008 3701 9559 3292 3332 4486 5772 6296 4489 4504 3817 8956 4218 30 3677 9323 5810 7879 7550 7669 6926 195 978 1798 1446 9293 3589 8774 8360 960
32 1109 94 8399 3324 2963 3898 1913 6779 385 5177 9314 1207 4460 8047 2923 2878 9845 7044 7558 645 1781 444 8921 508 5623 2655 821 3438 2533 6495 8062 7722
31 2378 4634 1712 2 3410 4165 2569 9989 9986 5176 8466 1724 8390 7973 9609 4373 1886 2227 7428 4879 8098 2081 7451 4912 312 4584 7463 3057 1473 2582 6632
25 3123 9591 3383 8745 9263 6868 8526 9943 87 8894 4290 7340 3415 1892 3692 9209 7999 7964 5271 6855 7019 2962 3457 2444 2783
29 2672 929 7871 2933 873 2106 7960 3802 9254 83 7059 4081 9256 1830 1832 7889 507 6939 6900 8662 7302 8342 2824 4337 9774 6776 3038 8385 4131
29 5500 5383 2335 6155 5598 8277 5478 8920 5168 4638 7767 4591 5847 1621 5443 2740 414 6110 864 329 890 3676 783 4733 4664 8846 2067 6680 419
25 2417 1807 8130 7667 6618 8577 3785 7472 7108 9249 1261 6706 1977 6712 4023 9901 8064 4971 5190 2115 4228 5809 624 3006 7326
28 8709 3171 4966 2013 6125 9665 1898 266 7614 7802 2897 8666 5909 1052 9681 5590 8029 5733 4837 9656 5995 88 1378 5882 7951 7174 283 4087
29 5062 5837 7708 3698 9416 2147 9391 3741 1194 9658 1189 2426 4376 7001 2982 1616 8847 241 5799 742 3365 9649 7055 113 5402 2448 321 4135 3808
27 1641 1348 5345 2506 4192 3731 9585 6994 6559 1610 7847 9412 6814 4410 6426 9050 9469 324 1806 1116 2180 1153 2025 2478 3906 3159 4347
26 8551 6785 5740 2003 357 8046 2096 2728 4229 413 9839 7355 8604 5782 559 802 7912 6039 5047 8361 7250 6548 5016 2703 9452 4956
29 4077 4949 8927 3640 60 5086 1076 4858 7117 2689 1233 8815 6010 125 6591 2324 3616 8534 6526 9644 6458 1107 3655 5728 7616 31 2516 7153 1445
27 7324 6214 4909 6278 5901 8790 9795 3724 734 2522 3194 5834 7620 5072 9214 9405 3245 2787 2102 8252 6289 7868 5864 8305 5859 6189 7533
30 4398 3240 9718 1021 3867 7116 1441 5596 5159 6708 3431 1988 3174 9280 1498 6483 4207 6302 1584 7832 2598 6373 9479 7501 4979 4369 2505 9904 4832 6279
29 666 9740 1060 6890 9039 3405 8462 0 5878 9178 7761 4882 4092 6174 1413 4106 4191 8491 4604 7685 1388 8888 8088 8823 3196 8895 5621 8683 8670
27 3511 2554 5537 676 9937 7800 200 8150 3892 8907 8855 9672 5104 9264 9981 5060 9005 4663 8676 1331 9364 1546 3687 638 4998 1791 8392
27 3815 1125 2813 7552 1325 7482 1740 1203 6615 9885 4124 9012 4344 4430 8038 6846 2130 5484 226 7225 3965 8136 2553 3800 7100 9015 3232
23 6603 8386 9606 9817 9678 7087 3858 9660 9562 310 2743 9024 4819 1265 4861 5421 5933 3070 714 4984 9113 4256 9481
27 2182 416 3659 3259 215 6007 6393 9531 1431 7039 5998 5579 8378 5095 8688 7248 4299 3252 9663 4427 4362 8647 7644 547 3474 4063 75
32 4760 8184 6879 8781 6275 7180 4183 9753 6535 6872 9952 6581 1962 8334 2666 3370 5040 5628 7476 5078 7504 1755 139 9486 8985 2491 2257 1361 9003 1345 9768 6491
29 445 8653 3579 8083 4716 5224 6437 4017 1020 8808 933 9116 3807 5504 9931 8732 9400 2224 8210 9551 1296 315 963 6911 5702 7154 6169 3421 6598
27 7828 7606 3618 6925 1239 7865 150 1730 3388 7135 7000 1436 7025 5379 758 1 5043 9239 2742 770 7486 6339 9805 9099 8596 2561 6014
29 3236 1130 2954 3044 2353 4393 1865 7111 9499 5382 9993 5811 510 9411 6540 494 3068 7632 3666 5563 668 1782 1997 3588 3547 3274 2999 578 8932
30 9282 7984 5886 1278 4910 1257 1055 250 901 9737 3105 6574 7076 6849 3975 8722 947 7546 2333 5636 5164 7254 3739 9539 9201 9020 251 940 5928 8631
33 9925 7216 3471 1590 1422 9515 221 8285 2334 2064 789 7304 7407 4383 6993 1642 1774 3896 3641 5614 842 6789 935 1200 2317 7339 1527 7119 3940 4380 3349 4923 2611
29 4473 3860 227 4769 1758 5797 456 5396 8274 4432 1680 6651 2389 6701 7130 3963 9409 7181 7635 4086 4899 1528 1072 9036 9813 6059 556 9697 7272
28 5798 5801 5532 9699 5910 6876 489 6244 1012 670 4272 4223 4823 109 9736 7310 3890 8198 4928 1987 7017 5155 2812 5527 5918 2781 1235 8465
28 9215 8339 477 9549 8970 1245 5457 7202 1980 5096 8144 2842 339 32 1451 6439 8999 2929 8331 9142 5004 9859 4012 1454 581 2544 6235 1778
29 6669 5952 108 9632 5585 6016 6341 5424 4089 5838 6037 886 872 5661 609 643 9325 6940 1656 1006 6870 9210 5785 2865 3084 9576 8782 5054 6405
30 2993 6770 6778 1175 2555 1923 6634 3040 2158 8641 4110 5578 140 3502 831 9716 5758 8276 2899 8997 5616 2035 2190 9950 5615 1474 8880 7772 6830 3082
31 7995 5934 8438 3844 2085 8421 9329 2433 7046 4856 8253 5124 567 2576 8223 8168 8707 9929 6314 2172 8071 5437 3374 25 7281 5711 5256 8743 824 8898 1766
31 6845 3827 4951 5564 4327 2126 7149 9936 8076 9994 5879 569 7989 406 7491 815 2753 9560 5252 3419 3773 2750 6126 2784 485 4936 65 8501 1313 5681 4576
27 1472 688 9366 5247 7279 9115 4309 8423 3156 525 9593 5852 3321 4098 9595 618 7585 8230 4939 3053 3577 9886 1958 9542 3328 4502 5320
28 9155 7494 446 8327 8266 3644 9182 8848 3018 7812 9720 7935 9179 9185 3061 5477 193 1502 6734 6333 5722 4173 6899 8515 7991 7856 1678 1268
28 3256 7222 1816 5895 2394 3090 4444 1423 4293 5290 6137 1914 9344 5268 2462 4740 3085 4595 9199 5762 5765 4999 8555 4811 6266 3901 1954 5486
27 3145 1415 1066 5612 5416 6551 6309 4938 3683 2646 3402 6238 5438 1314 9666 9292 5187 6343 2022 8340 3980 2199 4850 3727 6074 8151 470
27 993 3235 4773 4957 8530 6211 6112 2179 1118 8391 868 2178 9466 1952 9299 3458 381 2420 4686 1945 8521 4342 809 2422 8682 6173 8694
30 9340 1599 2785 4068 3126 678 81 9078 358 8224 1564 822 8616 6508 2617 5842 6930 2445 5340 3569 7780 6880 1529 3447 3842 7156 4237 4339 2504 7010
29 558 7343 8481 2252 2664 1165 8572 5223 9848 1121 9889 7824 1742 9490 6915 6670 2256 9734 8321 3248 5920 6642 6420 8838 8685 9788 4841 9645 7134
32 2452 2803 2069 2769 5680 8766 7327 6369 6979 9006 3774 6705 2643 3246 9800 169 8288 6494 8186 6505 3916 6803 9298 6370 1497 6040 77 7677 2189 7474 1551 9958
30 671 474 5503 3903 6445 3671 1542 996 1777 2707 8912 1011 521 7596 3360 3981 8279 920 8200 9999 3880 7783 1026 2476 3521 2953 9563 2059 8351 4171
29 4661 6021 5583 6474 3442 4156 9825 8365 1167 7045 8877 7423 7830 924 4602 623 999 6009 3231 6853 6043 7627 7920 9468 3478 8749 4698 5375 2668
33 4616 6720 2418 2940 3295 8549 2154 5218 6419 4630 1032 7284 1825 8558 6129 7344 5220 9326 7515 3886 7622 8461 8900 8869 3097 8738 9301 3351 6533 8195 3202 3472 2388
27 2636 994 7183 896 421 738 3949 8488 9954 5603 8734 4179 9694 6624 3639 7231 3776 5458 8930 3874 4242 6583 8788 4973 9573 2901 9941
29 7822 6687 8431 1560 7769 132 3558 7755 6860 2931 9332 8591 1029 1416 449 514 1931 4399 8525 201 6903 942 197 1812 7478 8978 2386 5033 7417
27 395 2351 487 5483 5263 3744 8954 606 6295 1810 5121 8284 7056 305 3525 7750 2070 9730 6285 8301 3538 9608 5665 8533 1404 3024 2296
30 8407 8406 3693 6416 460 2339 4553 1340 8460 8603 1986 3298 2416 2645 9355 3400 7365 248 7283 3732 3217 7034 9305 1318 6293 9112 5548 6320 6732 8805
29 9872 8364 8977 4926 2166 6452 513 6738 4325 3908 4857 1548 1402 133 8341 254 7834 1640 7314 5630 7825 7819 8079 8852 8203 1396 9423 5257 9255
31 6190 9031 2365 3385 2037 4476 5 9356 134 3489 5757 363 8147 2325 3635 6471 4477 938 4378 5037 536 5431 6529 1775 1155 4336 6688 3354 4461 7294 2791
30 2823 2091 5041 1407 7367 7603 7773 2673 4692 2680 8289 4898 9110 2948 3819 2560 3437 1537 8333 5655 6571 9275 3823 8179 4927 509 47 8290 6264 4977
29 5552 5233 1924 4006 5333 3380 3836 216 185 9172 5969 7374 3277 6025 1847 8630 604 1613 2806 5980 2871 7954 9849 4608 8165 8986 9349 2267 3634
25 1753 9037 3322 2535 9258 5499 4358 5053 2320 8628 3286 4952 5411 2882 6334 1213 6957 2361 4308 293 9903 5386 617 8945 124
28 6638 766 3099 7890 6922 784 1198 499 8687 4241 8505 6378 568 4970 3253 7684 7710 260 1077 2438 7169 6602 1108 2618 2093 396 5280 9163
26 8595 1942 9646 8324 3953 5117 397 3486 7163 5183 7651 2924 1618 4423 8135 4656 3056 4853 4972 6834 217 9905 1834 5950 1027 1397
25 2652 2847 68 2430 3275 4975 3556 1354 6515 718 4375 600 5426 2658 9653 7208 3485 6019 5992 7461 464 8712 2959 7997 3021
30 3233 4260 1191 1805 7191 9150 795 9831 7467 1411 8783 8206 546 8347 7072 5015 7233 2372 8373 8310 8056 1101 1324 7145 6281 3081 1762 5678 9188 4747
28 3902 724 4397 1285 5632 931 208 5323 9898 3711 111 2011 5497 3199 1838 7615 5627 3432 1702 7959 4982 1979 6848 8243 6828 2329 6390 1627
25 601 1512 5771 8166 4480 1210 7728 5167 5911 8258 6252 2818 6878 895 6837 8370 5640 2449 9574 6080 9881 121 1428 2431 9932
30 8315 534 5077 3682 9967 3881 4597 7872 5748 5071 2260 8231 8094 5808 4855 7124 3499 3805 8804 3690 8086 2455 8127 8818 3214 1705 5736 9882 3504 2423
27 9742 7511 3899 2459 3518 2137 4307 4734 6328 1676 4782 6763 6272 8124 7378 2110 5150 7373 7571 2366 2669 6139 7524 3859 6159 5365 9478
26 9284 8128 2330 2169 3707 4628 8834 5639 1310 9548 3416 7532 2800 1094 2125 3073 8702 2272 9846 3789 6081 1570 8770 390 6955 6730
29 9211 3025 7015 5794 4386 9708 5637 4672 5401 2183 3797 8437 6213 5330 2151 6565 9525 4357 1850 3969 6831 3523 114 7048 1815 2706 1071 5915 2952
24 8090 8896 8710 598 7980 941 6944 4306 2799 7531 9365 3942 6362 5485 3276 4670 2764 2074 7376 8032 9023 7764 2879 9741
29 7609 5984 9797 2526 3283 5925 4273 4025 5976 2230 3546 2474 71 5993 1706 5648 4118 599 2490 658 7274 5792 8169 37 8306 2942 1991 7908 1921
29 1466 8299 7487 4214 3 2201 236 6359 2917 1007 7503 9871 2790 5427 9217 4317 2193 2593 4865 608 7535 6108 8716 3066 4877 6377 2481 2016 3767
27 8724 2698 8983 6231 7790 5188 1322 5862 2654 8760 6672 6773 3771 9381 8908 649 7093 8868 6372 3843 8102 7490 6761 3653 1559 1868 9600
28 5354 4057 7060 9621 2912 5368 6522 6436 51 1092 5169 4002 4382 8137 4851 5695 5248 180 6792 1970 8580 4675 3572 1112 1237 8376 287 9841
31 6891 1824 4878 1491 4458 4824 5940 6657 5170 9084 8974 1269 9771 5279 5791 986 3132 8796 4139 9810 8975 3043 1652 7634 2461 4484 372 6534 2385 7319 3334
26 5262 6245 6910 1260 9241 9407 8741 3234 1749 7554 8066 3889 3657 5479 7578 7083 8397 6243 5710 4426 3998 1316 3451 7593 4364 2451
30 9858 23 9756 9984 4834 289 8924 3170 4758 5235 1082 3330 5249 7308 4743 6502 7069 8843 4056 3976 4206 364 5011 5624 2261 6002 1464 8589 7399 5473
30 7735 2156 4392 4507 4777 3411 4082 2439 4452 5568 7032 5162 6721 3941 1662 1171 1173 4059 6877 5617 976 9965 1381 3699 6782 1626 1015 7852 3868 9969
28 3611 523 2855 4803 2755 4629 62 4828 4205 3912 4577 1647 5803 6601 580 6282 3599 7221 7040 1252 8091 1481 3163 2104 5549 5712 1503 4275
30 9890 2711 4796 5889 7648 5658 1969 8012 956 4251 1871 4292 6586 3563 7459 6892 8475 4934 650 3222 1582 3809 7862 7445 607 9082 480 2143 6561 7341
26 9328 5941 7384 5456 4739 6027 9272 1306 6606 644 4906 6728 3065 6228 1496 9011 2379 5463 8856 1478 2443 9069 7386 4735 6435 2107
26 1764 3247 8143 9130 593 4314 8754 7110 4454 4263 8477 7071 9703 2019 2428 264 5642 1950 2886 5335 579 9167 1786 4561 5029 7690
30 8267 1425 6093 7894 7742 7992 3267 7513 194 3110 5000 6368 7549 4943 1114 4570 8119 6336 2259 1230 8452 9402 1183 1374 5946 4297 5948 6633 6810 7414
29 5370 5608 7638 4535 9120 5448 6049 209 1735 9808 5749 6191 8189 9367 8871 1876 3204 8023 1955 2515 4528 6733 4613 3996 5764 7508 4590 1350 1298
30 7901 2563 6597 8297 3914 6237 5229 2057 6859 3281 8322 7268 1460 249 1494 9876 8129 7829 2133 6528 7160 5283 3750 5558 8393 3098 7604 240 3645 9827
27 8453 4581 7031 5134 2239 7016 5201 793 4785 2867 9964 8435 6757 2225 7778 6326 4261 3900 9265 8065 1061 2311 3197 4548 2850 6537 8618
28 7256 8039 6425 2836 7351 1024 7485 8727 7227 5277 6847 6318 8857 5905 9010 3609 5594 2309 5853 4711 5364 7895 2383 3930 4346 1540 2957 3386
34 4801 1660 3181 5938 8841 1890 8701 1547 9565 6978 2937 6795 4163 199 3134 3893 5048 557 3786 9197 2714 1403 2128 2473 9911 6349 1703 9472 8965 7517 9586 120 5284 63
